0.0
0.0
0.0
0.0
0.0
0.0
0.0
0.0
0.0
0.0
0.0
0.0
0.0
0.0
0.0
0.0
0.0
0.0
0.0
0.0
0.0
0.0
0.0
0.0
0.0
0.0
0.0
0.0
0.0
0.0
0.0
0.0
0.0
0.0
0.0
0.0,0.0
0.0,0.0
2.0062140207808145e-20,2.1481035204874994e-10
6.135969020869392e-20,4.4843484825093525e-10
1.0568232692860588e-19,6.893790994274807e-10
1.5175583006066165e-19,9.376942500628806e-10
1.9958514247832967e-19,1.1934191047244476e-09
2.491901864213816e-19,1.4565899541151779e-09
3.0059087914216507e-19,1.7272446865833658e-09
3.538074075992553e-19,2.0054214042741166e-09
4.088600874520365e-19,2.2911583253738295e-09
4.657693522108373e-19,2.5844937829937308e-09
5.245557533518888e-19,2.8854662239107996e-09
5.852399605507103e-19,3.194114207270311e-09
6.47842761901802e-19,3.510476403256345e-09
7.123850641250712e-19,3.834591591736596e-09
7.788878927618099e-19,4.166498660887641e-09
8.473723923608494e-19,4.506236605806264e-09
9.178598262941073e-19,4.853844588731359e-09
9.903715770976544e-19,5.209361842427238e-09
1.0649291471447736e-18,5.572827672993335e-09
1.1415541586751012e-18,5.944281487651162e-09
1.2202683537835526e-18,6.323762793246221e-09
1.301093594564192e-18,6.711311194856196e-09
1.384051863263604e-18,7.106966394411699e-09
1.4691652624331484e-18,7.510768189332076e-09
1.5564560150807123e-18,7.922756471178547e-09
1.6459464648224811e-18,8.342971224326664e-09
1.7376590760353887e-18,8.771452524660054e-09
1.831616434010618e-18,9.208240538286962e-09
1.9278412451087825e-18,9.653375520281285e-09
2.0263563369170586e-18,1.0106897813449535e-08
2.12718465840883e-18,1.0568847847124934e-08
2.2303492801061198e-18,1.1039266135989877e-08
2.335873394245238e-18,1.1518193278927916e-08
2.4437803149458745e-18,1.2005669957906293e-08
2.554093478384094e-18,1.2501736936889895e-08
2.6668364429693797e-18,1.3006435060787555e-08
2.782045337741685e-18,1.3519711530415051e-08
2.8991576620001033e-18,1.4035565370833163e-08
3.0175944733618112e-18,1.455364112835058e-08
3.137323326561506e-18,1.5073944009668476e-08
3.2583506185901973e-18,1.5596478828602162e-08
3.3806832260400742e-18,1.612125040089629e-08
3.5043280460455084e-18,1.6648263543726598e-08
3.629291996782078e-18,1.7177523075634153e-08
3.755582017491051e-18,1.7709033816458807e-08
3.883205068504549e-18,1.824280058727241e-08
4.01216813127052e-18,1.877882821031181e-08
4.142478208377642e-18,1.9317121508911515e-08
4.274142323580057e-18,1.9857685307436253e-08
4.407167521821965e-18,2.0400524431213157e-08
4.541560869262089e-18,2.0945643706463756e-08
4.677329453297996e-18,2.1493047960235818e-08
4.814480382590305e-18,2.2042742020334824e-08
4.953020787086713e-18,2.2594730715255325e-08
5.092957818045936e-18,2.314901887411205e-08
5.234298648061433e-18,2.370561132657077e-08
5.3770504710851e-18,2.4264512902778984e-08
5.5212205024507354e-18,2.4825728433296375e-08
5.666815978897395e-18,2.538926274902508e-08
5.813844158592642e-18,2.5955120681139796e-08
5.962312321155581e-18,2.6523307061017554e-08
6.1122277676798755e-18,2.70938267201675e-08
6.263597820756469e-18,2.766668449016032e-08
6.4164298244963066e-18,2.824188520255758e-08
6.570731144552834e-18,2.8819433688840846e-08
6.726509168144405e-18,2.939933478034066e-08
6.883771304076531e-18,2.998159330816533e-08
7.042524982763993e-18,3.056621410312954e-08
7.202777656252776e-18,3.115320199568288e-08
7.364536798241972e-18,3.1742561815838045e-08
7.527809904105436e-18,3.2334298393099156e-08,2.1419799979827032e-11
7.69260408577704e-18,3.292841655884723e-08,2.1841735195005424e-11
7.835820144906432e-18,3.329120619759037e-08,4.4012474739863975e-10
7.95804165174505e-18,3.364685948660135e-08,8.845448821382964e-10
8.08092080796991e-18,3.401057676262553e-08,1.332130360575094e-09
8.206000029774573e-18,3.438236798149155e-08,1.7828550642953495e-09
8.333319082155167e-18,3.476226780228673e-08,2.2366756416030526e-09
8.46290064215972e-18,3.515031145183193e-08,2.6935499081870826e-09
8.594767653159888e-18,3.554653475507011e-08,3.1534257525185663e-09
8.728943295197182e-18,3.595097414464167e-08,3.6162619619663073e-09
8.86545099340531e-18,3.636366666647936e-08,4.082019946632772e-09
9.0043144192728e-18,3.6784649980311615e-08,4.550663017910288e-09
9.145557492795657e-18,3.721396236276974e-08,5.022156254555203e-09
9.289204385045452e-18,3.765164271075668e-08,5.4964663800990956e-09
9.435279520796049e-18,3.8097730544900856e-08,5.973561650925071e-09
9.583807581188772e-18,3.85522660130944e-08,6.453411753892839e-09
9.734813506436098e-18,3.901528989411502e-08,6.935987712533427e-09
9.888322498565566e-18,3.9486843601326657e-08,7.42126196015688e-09
1.0044360024196804e-17,3.9966969186472473e-08,7.909207942870384e-09
1.020295181736791e-17,4.0455709343546874e-08,8.399800185439803e-09
1.0364123882395938e-17,4.095310741274387e-08,8.893014244588534e-09
1.0527902496777904e-17,4.145920738448857e-08,9.388826646828517e-09
1.0694314214132952e-17,4.1974053903549754e-08,9.887214831049644e-09
1.0863385867185706e-17,4.249769227323248e-08,1.0388157095366495e-08
1.1035144570791092e-17,4.303016845965044e-08,1.0891632547844842e-08
1.1209617725000943e-17,4.357152909607746e-08,1.1397621060769359e-08
1.1386833018173042e-17,4.41218214873778e-08,1.190610322814862e-08
1.1566818430122738e-17,4.4681093614514894e-08,1.2417060326183794e-08
1.1749602235317753e-17,4.524939413913815e-08,1.293047427645464e-08
1.1935213006116576e-17,4.582677240824719e-08,1.3446327611600303e-08
1.2123679616050785e-17,4.641327845893342e-08,1.3964603443293696e-08
1.2315031243151903e-17,4.7008963023198365e-08,1.4485285432327433e-08
1.250929737332307e-17,4.76138775328483e-08,1.500835776064579e-08
1.270650780375611e-17,4.8228074124464924e-08,1.553380510517278e-08
1.2906692646394339e-17,4.8851605644451415e-08,1.6061612613299652e-08
1.3109882331441693e-17,4.948452565415375e-08,1.6591765879907357e-08
1.3316107610918487e-17,5.012688843505643e-08,1.712425092581071e-08
1.3525399562264434e-17,5.077874899405249e-08,1.765905417752009e-08
1.3737789570916351e-17,5.144016314508135e-08,1.819610738798531e-08
1.3952634958292542e-17,5.2104535912424476e-08,1.8735424157140905e-08
1.4169285437258238e-17,5.277143535296868e-08,1.9277007366645838e-08
1.4387705125778132e-17,5.3440866776769485e-08,1.982086162841973e-08
1.4607901740375047e-17,5.411283498978791e-08,2.036699165646192e-08
1.482988353334494e-17,5.478734479572923e-08,2.0915402165010434e-08
1.5053658778883606e-17,5.5464400995382974e-08,2.146609786870979e-08
1.5279235773651723e-17,5.614400838654969e-08,2.2019083482545062e-08
1.5506622836791116e-17,5.682617176396685e-08,2.2574363721776088e-08
1.573582830994188e-17,5.751089591923479e-08,2.3131943301871614e-08
1.596686055725941e-17,5.819818564074284e-08,2.3691826938443246e-08
1.619972796543127e-17,5.8888045713595455e-08,2.4254019347179078e-08
1.6434438943693972e-17,5.958048091953838e-08,2.481852524377742e-08
1.6671001923849614e-17,6.027549603688494e-08,2.5385349343880154e-08
1.6909425360282398e-17,6.09730958404424e-08,2.5954496363006016e-08
1.714971772997502e-17,6.167328510143834e-08,2.6525971016483727e-08
1.7391887532524972e-17,6.237606858744727e-08,2.7099778019385e-08
1.7635943290160716e-17,6.308145106231717e-08,2.767592208645735e-08
1.7881893547757725e-17,6.378943728609623e-08,2.8254407932056808e-08
1.812974687285442e-17,6.450003201495971e-08,2.8835240270080502e-08
1.8379511855668003e-17,6.521324000113693e-08,2.9418423813899085e-08
1.8631197109110153e-17,6.592906599283825e-08,3.000396327628905e-08
1.8884811268802627e-17,6.664751473418228e-08,3.0591863369364955e-08
1.914036299309276e-17,6.736859096512342e-08,3.1182128804511465e-08
1.93978609630688e-17,6.809229942137894e-08,3.1774764292315374e-08
1.965731388257523e-17,6.881864483435708e-08,3.236977454249743e-08
1.9918730478227867e-17,6.954763193108446e-08,3.296716426384415e-08
2.0182119499428922e-17,7.027926543413412e-08,3.356693816413947e-08
2.0447489718381973e-17,7.101355006155376e-08,3.416910095009631e-08
2.0714849930106758e-17,7.175049052679385e-08,3.477365732728805e-08
2.098420895245394e-17,7.24900915386361e-08,3.5380612000080044e-08
2.1255575626119687e-17,7.323235780112219e-08,3.598996967156081e-08
2.152895881466025e-17,7.397729401348259e-08,3.660173504347341e-08
2.1804367404506342e-17,7.47249048700654e-08,3.7215912816146565e-08
2.2081810304977494e-17,7.547519506026589e-08,3.7832507688425866e-08,2.6108322114355343e-11
2.236129644483386e-17,7.622816924367412e-08,3.845152436298744e-08,2.656763503569847e-11
2.2616962545448372e-17,7.672705672026568e-08,3.907303398143554e-08,4.4501641580873933e-10
2.284930738264882e-17,7.72162708752491e-08,3.969702525901946e-08,8.898349233017293e-10
2.3082698282273348e-17,7.771439714178981e-08,4.032346174723003e-08,1.3378048278118633e-09
2.3318884059172455e-17,7.822145106433716e-08,4.095234563828178e-08,1.7888933903105642e-09
2.35579107811654e-17,7.87374706212935e-08,4.1583681683825585e-08,2.2430568498873075e-09
2.379980447902258e-17,7.926249443601436e-08,4.221747463366761e-08,2.700254729001779e-09
2.4044591475228266e-17,7.979656180244426e-08,4.2853729232395954e-08,3.1604376499918332e-09
2.429229836463341e-17,8.03397126879041e-08,4.349245022212914e-08,3.6235609144494103e-09
2.454295201722276e-17,8.089198773601807e-08,4.413364234722051e-08,4.089585675033517e-09
2.4796579580892508e-17,8.145342826971662e-08,4.4777310352865056e-08,4.558475209395398e-09
2.5053208484262208e-17,8.202407629431502e-08,4.5423458983792746e-08,5.030194563949117e-09
2.5312866439524843e-17,8.260397450067723e-08,4.607209298409151e-08,5.504710431339195e-09
2.5575581445336556e-17,8.319316626846271e-08,4.6723217097105466e-08,5.981991038359729e-09
2.5841381789746294e-17,8.379169566945502e-08,4.737683606533731e-08,6.462006043444823e-09
2.6110296053165488e-17,8.439960747097085e-08,4.8032954630348925e-08,6.944726636663866e-09
2.6382353111378204e-17,8.501694713935005e-08,4.8691577532677796e-08,7.430125046875486e-09
2.6657582138592068e-17,8.56437608435248e-08,4.935270951175164e-08,7.918174673629695e-09
2.69360126105305e-17,8.62800954586682e-08,5.0016355305800315e-08,8.408850016411931e-09
2.721767430756636e-17,8.692599856992116e-08,5.0682519651773476e-08,8.902126607328501e-09
2.7502597317897627e-17,8.758151847619713e-08,5.135120728526082e-08,9.397980948963781e-09
2.779081204076535e-17,8.824670419406394e-08,5.2022422940414534e-08,9.896390456925008e-09
2.808234918971426e-17,8.892160546170219e-08,5.2696171349873685e-08,1.0397333406651297e-08
2.837723979589655e-17,8.960627274293933e-08,5.3372457244690606e-08,1.0900788884108216e-08
2.8675515211419004e-17,9.030075723135887e-08,5.405128535425875e-08,1.1406736740028495e-08
2.8977207112734015e-17,9.10051108544843e-08,5.4732660406242397e-08,1.1915157547394053e-08
2.928234750407481e-17,9.171938627803625e-08,5.5416587126507755e-08,1.2426032561885245e-08
2.959096872093529e-17,9.244363691026312e-08,5.610307023905546e-08,1.2939343685050396e-08
2.990310343359487e-17,9.317791690634357e-08,5.679211446595436e-08,1.3455073429972291e-08
3.021878465068867e-17,9.392228117286092e-08,5.748372452727656e-08,1.3973204889230485e-08
3.05380457228235e-17,9.467678537234784e-08,5.817790514103376e-08,1.4493721704976356e-08
3.086092034624001e-17,9.544148592790154e-08,5.8874661023114554e-08,1.5016608040955663e-08
3.118744256652137e-17,9.62164400278675e-08,5.9573996887222914e-08,1.5541848556327976e-08
3.151764678234892e-17,9.700170563059206e-08,6.027591744481752e-08,1.606942838114606e-08
3.185156774930583e-17,9.779734146924493e-08,6.098042740495946e-08,1.6599333093451708e-08
3.2189240583726915e-17,9.860340705670072e-08,6.168753147441725e-08,1.713154869756916e-08
3.253070076659702e-17,9.941996269049289e-08,6.239723435755425e-08,1.7666061603908237e-08
3.287598414693816e-17,1.0024706945715224e-07,6.310954083690215e-08,1.820280643168403e-08
3.3224372009237855e-17,1.0107751726630649e-07,6.382445234027729e-08,1.8741799335392356e-08
3.357513703430135e-17,1.019107833743751e-07,6.454197116577147e-08,1.928304492069738e-08
3.3928239517571885e-17,1.0274687291537269e-07,6.526210177582523e-08,1.982654778922882e-08
3.428368855100455e-17,1.0358579040338784e-07,6.598484877033901e-08,2.0372312543791842e-08
3.4641493824701944e-17,1.0442754034605821e-07,6.671021674454623e-08,2.0920343787444836e-08
3.5001665051524214e-17,1.0527212724381579e-07,6.743821028927864e-08,2.1470646123404654e-08
3.5364211967711904e-17,1.0611955558982679e-07,6.816883399089923e-08,2.2023224154984017e-08
3.572914433289638e-17,1.0696982986993091e-07,6.890209243123635e-08,2.2578082485528565e-08
3.609647193011115e-17,1.0782295456258135e-07,6.963799018751771e-08,2.3135225718353903e-08
3.646620456580318e-17,1.086789341387849e-07,7.037653183230444e-08,2.3694658456682325e-08
3.683835206984415e-17,1.0953777306204267e-07,7.111772193342598e-08,2.4256385303579546e-08
3.721292429554158e-17,1.103994757882914e-07,7.186156505391441e-08,2.4820410861891197e-08
3.758993111965009e-17,1.1126404676584458e-07,7.260806575193941e-08,2.5386739734179274e-08
3.796938244238238e-17,1.1213149043533474e-07,7.335722858074342e-08,2.5955376522658355e-08
3.83512881874203e-17,1.1300181122965603e-07,7.410905808857695e-08,2.652632582913179e-08
3.8735658301925916e-17,1.1387501357390651e-07,7.48635588186341e-08,2.7099592254927675e-08
3.912250275655234e-17,1.147511018853321e-07,7.562073530898821e-08,2.7675180400834833e-08
3.951183154545474e-17,1.1563008057326995e-07,7.638059209252812e-08,2.8253094867038557e-08
3.990365468630115e-17,1.1651195403909292e-07,7.71431336968942e-08,2.8833340253056324e-08
4.0297982220283274e-17,1.1739672667615408e-07,7.790836464441493e-08,2.9415921157673368e-08
4.069482421212737e-17,1.1828440286973198e-07,7.867628945204372e-08,3.000084217887816e-08
4.1094190750104875e-17,1.1917498699697629e-07,7.94469126312958e-08,3.058810791379785e-08
4.1496091946043196e-17,1.2006848342685404e-07,8.022023868818555e-08,3.117772295863346e-08
4.1900537935336326e-17,1.2096489652009596e-07,8.099627212316403e-08,3.17696919085952e-08
4.230753887695553e-17,1.2186423062914389e-07,8.177501743105673e-08,3.2364019357837546e-08
4.271710495345995e-17,1.22766490098098e-07,8.25564791010019e-08,3.2960709899394284e-08
4.3129246371007125e-17,1.2367167926266529e-07,8.334066161638856e-08,3.355976812511352e-08
4.3543973359363654e-17,1.2457980245010795e-07,8.412756945479546e-08,3.416119862559251e-08
4.396129617191556e-17,1.254908639791924e-07,8.491720708793e-08,3.476500599011262e-08
4.438122508567895e-17,1.26404868160139e-07,8.570957898156729e-08,3.537119480657405e-08
4.4803770401310276e-17,1.2732181929457187e-07,8.650468959549001e-08,3.597976966143048e-08
4.522894244311704e-17,1.2824172167547011e-07,8.7302543383428e-08,3.6590735139623864e-08
4.5656751559067954e-17,1.2916457958711836e-07,8.810314479299862e-08,3.7204095824518984e-08
4.608720812080354e-17,1.3009039730505866e-07,8.890649826564724e-08,3.7819856297838044e-08,2.6782768612538306e-11
4.65203225076775e-17,1.3101917907256653e-07,8.971260821055614e-08,3.84380211455677e-08,2.725347941461112e-11
4.692721073084216e-17,1.3167064118525228e-07,9.052134473163375e-08,3.90587742973026e-08,4.4575887257211724e-10
4.730842465951127e-17,1.3230946745872104e-07,9.133275367772127e-08,3.968206879504493e-08,8.908144887007389e-10
4.7691174657490846e-17,1.3295806810676255e-07,9.214692976546433e-08,4.0307792542007727e-08,1.339001828299683e-09
4.807741523852052e-17,1.33616457564225e-07,9.29638836532273e-08,4.093594289489906e-08,1.790288253855839e-09
4.846719840661496e-17,1.3428467684075265e-07,9.378361980219098e-08,4.156652444088919e-08,2.2446299435639425e-09
4.886055370673269e-17,1.3496276765272909e-07,9.460614268497246e-08,4.2199541751691637e-08,2.7019864147921998e-09
4.925751100870917e-17,1.356507724530447e-07,9.543145676875785e-08,4.283499939506895e-08,3.1623132887468487e-09
4.9658100486601774e-17,1.3634873443343543e-07,9.625956651528469e-08,4.347290193250293e-08,3.6255622079632615e-09
5.0062352621673107e-17,1.3705669752694178e-07,9.709047638079316e-08,4.41132539256484e-08,4.09169414137341e-09
5.047029820537466e-17,1.3777470641045543e-07,9.792419081600304e-08,4.475605993710414e-08,4.560672434658985e-09
5.088196834237161e-17,1.3850280650735258e-07,9.876071426606778e-08,4.54013245279515e-08,5.0324622020507024e-09
5.129739445360863e-17,1.39241043990213e-07,9.960005117053328e-08,4.604905225748338e-08,5.507030204033961e-09
5.1716608279417174e-17,1.3998946578362352e-07,1.0044220596329878e-07,4.669924768309126e-08,5.984344751061003e-09
5.21396418826643e-17,1.407481195670657e-07,1.0128718307257828e-07,4.735191536015216e-08,6.46437576836983e-09
5.256652765194349e-17,1.4151705377788524e-07,1.0213498692086239e-07,4.800705984193101e-08,6.947094296838652e-09
5.2997298304807646e-17,1.4229631761434419e-07,1.0298562192488092e-07,4.8664685679480865e-08,7.432472630240832e-09
5.343198689104457e-17,1.4308596103875232e-07,1.0383909249556626e-07,4.9324797421541085e-08,7.920484235268971e-09
5.387062679599543e-17,1.438860347806793e-07,1.046954030380172e-07,4.9987399614441235e-08,8.411103678552702e-09
5.431325174391626e-17,1.4469659034024415e-07,1.0555455795146335e-07,5.065249680200784e-08,8.904306559375175e-09
5.4759895801383e-17,1.4551767999148305e-07,1.0641656162923022e-07,5.1320093525473306e-08,9.400069447555357e-09
5.521059338074027e-17,1.463493567857927e-07,1.0728141845870508e-07,5.1990194323386856e-08,9.898369826021085e-09
5.566537924359434e-17,1.4719167455544902e-07,1.081491328213034e-07,5.266280373152735e-08,1.0399186037648559e-08
5.612428850435041e-17,1.4804468791720063e-07,1.0901970909243583e-07,5.3337926282817816e-08,1.0902497235989277e-08
5.658735663379463e-17,1.4890845227593427e-07,1.0989315164147585e-07,5.4015566507241425e-08,1.1408283339544047e-08
5.705461946272129e-17,1.4978302382841306e-07,1.1076946483172848e-07,5.4695728931759034e-08,1.1916524989279285e-08
5.752611318560513e-17,1.506684595670849e-07,1.1164865302039913e-07,5.537841808022811e-08,1.2427203509110772e-08
5.800187436431958e-17,1.5156481728396083e-07,1.1253072055856317e-07,5.606363847332269e-08,1.2940300869107633e-08
5.848193993190068e-17,1.524721555745617e-07,1.1341567179113674e-07,5.675139462845462e-08,1.3455799651193262e-08
5.896634719635762e-17,1.5339053384193214e-07,1.143035110568477e-07,5.7441691059695755e-08,1.3973683017141281e-08
5.945513384452961e-17,1.54320012300721e-07,1.1519424268820725e-07,5.813453227770128e-08,1.4493934678683785e-08
5.99483379459898e-17,1.552606519813258e-07,1.1608787101148285e-07,5.882992278963382e-08,1.501653886956607e-08
6.044599795699624e-17,1.5621251473410184e-07,1.1698440034667111e-07,5.9527867099088445e-08,1.554148031939734e-08
6.094815272449066e-17,1.5717566323363276e-07,1.178838350074718e-07,6.02283697060187e-08,1.606874422916034e-08
6.145484149014482e-17,1.5815016098306357e-07,1.1878617930126384e-07,6.093143510662171e-08,1.6598316248290813e-08
6.196610389445532e-17,1.5913607231849257e-07,1.1969143752908032e-07,6.163706779326744e-08,1.713018245314023e-08
6.248197998088582e-17,1.6013346241342045e-07,1.205996139855816e-07,6.234527225453662e-08,1.7664329326660897e-08
6.300251019956569e-17,1.611423972825339e-07,1.215107129581014e-07,6.305605305759615e-08,1.8200694258622913e-08
6.352689517157775e-17,1.6215504504915927e-07,1.2242473462522877e-07,6.376941475183772e-08,1.873929333045435e-08
6.405432581008481e-17,1.6317077842941962e-07,1.2334168025851594e-07,6.448536182147362e-08,1.9280131043192324e-08
6.458475826876195e-17,1.64189602148952e-07,1.242615538038346e-07,6.520389874928862e-08,1.982321188854918e-08
6.511820306009663e-17,1.6521152021792119e-07,1.2518435939450636e-07,6.592503001504446e-08,2.036854035829073e-08
6.565467136411546e-17,1.6623653663704762e-07,1.2611010115504968e-07,6.664876009421872e-08,2.0916120944165973e-08
6.619417438428034e-17,1.672646553968779e-07,1.270387832015806e-07,6.73750934578914e-08,2.1465958137846934e-08
6.67367233481412e-17,1.682958804777543e-07,1.2797040964177124e-07,6.810403457268267e-08,2.201805643086874e-08
6.728232950734513e-17,1.6933021584978544e-07,1.2890498457480995e-07,6.883558790069085e-08,2.2572420314569554e-08
6.78310041376465e-17,1.7036766547281674e-07,1.298425120913613e-07,6.956975789943023e-08,2.3129054280030355e-08
6.838275853891724e-17,1.7140823329640176e-07,1.30782996273527e-07,7.030654902176952e-08,2.36879628180146e-08
6.893760403515687e-17,1.7245192325977405e-07,1.3172644119480734e-07,7.104596571587009e-08,2.4249150418907773e-08
6.949555197450277e-17,1.7349873929181991e-07,1.3267285092006278e-07,7.178801242512467e-08,2.481262157265689e-08
7.005661372924056e-17,1.745486853110513e-07,1.336222295054765e-07,7.253269358809622e-08,2.5378380768709746e-08
7.062080069581408e-17,1.7560176522557984e-07,1.3457458099851715e-07,7.328001363845687e-08,2.5946432495954177e-08
7.118812429483594e-17,1.7665798293309092e-07,1.355299094379022e-07,7.402997700492725e-08,2.6516781242657186e-08
7.175859597109772e-17,1.7771734232081865e-07,1.3648821885356169e-07,7.478258811121595e-08,2.7089431496403973e-08
7.233222719358036e-17,1.7877984726552182e-07,1.3744951326660292e-07,7.553785137595919e-08,2.7664387744036854e-08
7.290902945546452e-17,1.7984550163345962e-07,1.3841379668927506e-07,7.629577121266084e-08,2.824165447159411e-08
7.348901427414107e-17,1.8091430928036874e-07,1.3938107312493458e-07,7.705635202963262e-08,2.8821236164248757e-08
7.407219319122147e-17,1.8198627405144056e-07,1.4035134656801137e-07,7.781959822993435e-08,2.940313730624716e-08
7.465857777254832e-17,1.8306139978129927e-07,1.4132462100397502e-07,7.858551421131481e-08,2.998736238084774e-08
7.524817960820586e-17,1.8413969029398049e-07,1.423009004093019e-07,7.935410436615256e-08,3.0573915870259374e-08
7.584101031253053e-17,1.8522114940291054e-07,1.4328018875144244e-07,8.012537308139723e-08,3.116280225557991e-08
7.643708152412157e-17,1.863057809108859e-07,1.442624899887895e-07,8.08993247385108e-08,3.175402601673458e-08
7.703640490585172e-17,1.873935886100542e-07,1.4524780807064657e-07,8.167596371340939e-08,3.2347591632414225e-08
7.763899214487784e-17,1.884845762818948e-07,1.46236146937197e-07,8.245529437640524e-08,3.294350358001366e-08
7.824485495265168e-17,1.8957874769720043e-07,1.4722751051947381e-07,8.323732109214898e-08,3.3541766335569865e-08
7.88540050649306e-17,1.9067610661605976e-07,1.482219027393292e-07,8.402204821957218e-08,3.4142384373700056e-08
7.946645424178847e-17,1.9177665678783983e-07,1.4921932750940575e-07,8.480948011183005e-08,3.474536216753992e-08
8.008221426762636e-17,1.9288040195116968e-07,1.5021978873310768e-07,8.559962111624471e-08,3.535070418868161e-08
8.070129695118355e-17,1.9398734583392435e-07,1.5122329030457195e-07,8.63924755742485e-08,3.595841490711191e-08
8.132371412554853e-17,1.950974921532096e-07,1.5222983610864102e-07,8.718804782132763e-08,3.6568498791149995e-08
8.194947764816987e-17,1.9621084461534675e-07,1.5323943002083565e-07,8.798634218696642e-08,3.718096030738565e-08
8.257859940086729e-17,1.9732740691585876e-07,1.5425207590732788e-07,8.87873629945913e-08,3.779580392061712e-08,2.747401674654411e-11
8.32110912743215e-17,1.9844718271498467e-07,1.5526777759763082e-07,8.959111453889815e-08,3.8413034100028694e-08,2.7956479050655487e-11
8.379890842053921e-17,1.9910974696747012e-07,1.562862933047982e-07,9.039760114046762e-08,3.903283920616851e-08,4.465160600100385e-10
8.434208838445429e-17,1.9973758303338692e-07,1.5730769504013322e-07,9.120682704667216e-08,3.965517113581847e-08,8.918095444250157e-10
8.488500438284646e-17,2.0037066182548258e-07,1.5833215005650266e-07,9.201879660843606e-08,4.0279914488423344e-08,1.3402148047249414e-09
8.543082303923248e-17,2.0100895779442098e-07,1.5935967478033427e-07,9.283351413643094e-08,4.090706623929417e-08,1.7916993621608439e-09
8.597959766007593e-17,2.0165248851984083e-07,1.603902730133118e-07,9.365098391763913e-08,4.153663085647682e-08,2.246219344516334e-09
8.653134410038804e-17,2.02301271740585e-07,1.6142394857491676e-07,9.447121023160233e-08,4.216861279334221e-08,2.703734275805225e-09
8.708607835147072e-17,2.0295532539116137e-07,1.6246070527545035e-07,9.52941973513786e-08,4.280301650174809e-08,3.1642049588826838e-09
8.764381650688205e-17,2.036146676020705e-07,1.635005469160544e-07,9.611994954349093e-08,4.343984642423963e-08,3.6275792659915074e-09
8.820457476313422e-17,2.042793167001788e-07,1.6454347728869345e-07,9.694847106784495e-08,4.4079107002413546e-08,4.093817981733714e-09
8.876836942034494e-17,2.0494929120910384e-07,1.6558950017613815e-07,9.77797661777101e-08,4.472080268004718e-08,4.56288453165823e-09
8.933521688289466e-17,2.0562460984961238e-07,1.666386193519486e-07,9.861383911965956e-08,4.53649378994021e-08,5.034744109320307e-09
8.990513366008994e-17,2.0630529154003156e-07,1.6769083858045774e-07,9.94506941335172e-08,4.601151710086273e-08,5.50936358935372e-09
9.047813636683275e-17,2.069913553966718e-07,1.6874616161675642e-07,1.0029033545230649e-07,4.666054472282245e-08,5.986711544414813e-09
9.10542417242956e-17,2.0768282073426335e-07,1.698045922066781e-07,1.0113276730219974e-07,4.731202520158475e-08,6.4667577547797166e-09
9.163346656060238e-17,2.0837970706640406e-07,1.708661340867845e-07,1.0197799390246813e-07,4.7965962971262454e-08,6.949473339576798e-09
9.22158278115154e-17,2.0908203410602072e-07,1.7193079098435158e-07,1.0282601946543174e-07,4.8622362463675305e-08,7.434830669879678e-09
9.280134252112834e-17,2.0978982176584139e-07,1.7299856661735662e-07,1.0367684819641019e-07,4.928122810825422e-08,7.922803289444753e-09
9.339002784256516e-17,2.105030901588812e-07,1.74069464694465e-07,1.0453048429367361e-07,4.9942564331948155e-08,8.41336584175303e-09
9.398190103868491e-17,2.1122185959893848e-07,1.751434889150182e-07,1.0538693194839374e-07,5.060637555913381e-08,8.906494002755556e-09
9.457697948279285e-17,2.1194615060110474e-07,1.762206429690223e-07,1.0624619534459601e-07,5.127266621152742e-08,9.402164418788018e-09
9.517528065935734e-17,2.1267598388228477e-07,1.7730093053713646e-07,1.0710827865911129e-07,5.1941440708098834e-08,9.900354649178594e-09
9.57768221647332e-17,2.1341138036172953e-07,1.7838435529066267e-07,1.0797318606152881e-07,5.2612703464987317e-08,1.0401043113124134e-08
9.638162170789084e-17,2.1415236116158023e-07,1.794709208915358e-07,1.0884092171414882e-07,5.3286458895419174e-08,1.0904209040454902e-08
9.698969711115193e-17,2.1489894760742352e-07,1.8056063099231409e-07,1.0971148977193603e-07,5.396271140962715e-08,1.1409832425947311e-08
9.760106631093083e-17,2.156511612288588e-07,1.8165348923617004e-07,1.1058489438247342e-07,5.464146541477103e-08,1.1917893986879144e-08
9.821574735848269e-17,2.1640902376007633e-07,1.8274949925688236e-07,1.1146113968591623e-07,5.532272531485982e-08,1.242837512355233e-08
9.883375842065747e-17,2.1717255714044647e-07,1.838486646788279e-07,1.1234022981494667e-07,5.6006495510675126e-08,1.2941257882535505e-08
9.945511778066056e-17,2.1794178351512022e-07,1.8495098911697457e-07,1.1322216889472901e-07,5.6692780399695663e-08,1.3456524922403055e-08
1.000798438388193e-16,2.1871672523564038e-07,1.8605647617687455e-07,1.1410696104286485e-07,5.7381584376022956e-08,1.3974159481768371e-08
1.0070795511335622e-16,2.1949740486056362e-07,1.871651294546581e-07,1.1499461036934901e-07,5.807291183030796e-08,1.4494145349428408e-08
1.0133947024116852e-16,2.2028384515609336e-07,1.8827695253702789e-07,1.1588512097652586e-07,5.876676714967863e-08,1.5016466836453727e-08
1.0197440797861378e-16,2.2107606909672314e-07,1.8939194900125377e-07,1.1677849695904592e-07,5.9463154717668494e-08,1.5541108750073226e-08
1.026127872023024e-16,2.218740998658905e-07,1.905101224151683e-07,1.1767474240382325e-07,6.016207891414593e-08,1.6068056369216454e-08
1.032546269098963e-16,2.2267796085664115e-07,1.9163147633716317e-07,1.1857386138999287e-07,6.086354411524445e-08,1.6597295421588747e-08
1.0389994622091414e-16,2.2348767567230372e-07,1.9275601431618494e-07,1.194758579888694e-07,6.156755469326893e-08,1.7128812062186512e-08
1.0454876437754336e-16,2.2430326812717375e-07,1.93883739891733e-07,1.2038073626390722e-07,6.227411501657057e-08,1.766259285315566e-08
1.0520110074859015e-16,2.2512476224312591e-07,1.950146565894461e-07,1.212885002683213e-07,6.298322953358958e-08,1.819857783602039e-08
1.058565252684699e-16,2.2594783194627604e-07,1.9614876552334157e-07,1.2219915405125293e-07,6.369490267169717e-08,1.8736783016264688e-08
1.0651460401184123e-16,2.2677210864430705e-07,1.9728606842936936e-07,1.2311270164762667e-07,6.440913880281222e-08,1.9277212785713985e-08
1.0717531390082707e-16,2.2759759316017293e-07,1.9842656861918823e-07,1.2402914708804424e-07,6.51259422911378e-08,1.9819871526502912e-08
1.0783866107744437e-16,2.2842428593168204e-07,1.9957026952339426e-07,1.2494849439588092e-07,6.584531749661142e-08,2.0364763620589867e-08
1.0850465204137508e-16,2.292521873963282e-07,2.0071717456226013e-07,1.2587074758644436e-07,6.65672687748427e-08,2.0911893449691447e-08
1.0917329330119072e-16,2.300812979909859e-07,2.0186728714599613e-07,1.2679591066689838e-07,6.729180047705406e-08,2.1461265395225098e-08
1.0984459137467063e-16,2.309116181519119e-07,2.030206106747467e-07,1.27723987636225e-07,6.801891695002234e-08,2.2012883838251845e-08
1.1051855278880648e-16,2.3174314831474563e-07,2.0417714853858764e-07,1.2865498248518717e-07,6.874862253602024e-08,2.256675315941888e-08
1.111951840798081e-16,2.325758889145096e-07,2.053369041175245e-07,1.2958889919629199e-07,6.94809215727583e-08,2.3122877738902073e-08
1.1187449179310866e-16,2.3340984038561045e-07,2.0649988078149022e-07,1.3052574174375414e-07,7.021581839332679e-08,2.368126195634849e-08
1.125564824833704e-16,2.342450031618391e-07,2.0766608189034458e-07,1.3146551409345993e-07,7.095331732613816e-08,2.4241910190818686e-08
1.1324116271449022e-16,2.3508137767637138e-07,2.0883551079387282e-07,1.3240822020293184e-07,7.16934226948692e-08,2.4804826820728965e-08
1.139285390596052e-16,2.3591896436176844e-07,2.1000817083178576e-07,1.3335386402129367e-07,7.243613881840387e-08,2.53700162237936e-08
1.1461861810109813e-16,2.367577636499775e-07,2.1118406533371946e-07,1.3430244948923553e-07,7.318147001077608e-08,2.5937482776966895e-08
1.1531140643060336e-16,2.3759777597233187e-07,2.1236319761923586e-07,1.3525398053898012e-07,7.392942058111271e-08,2.650723085638517e-08
1.1600691064901204e-16,2.3843900175955163e-07,2.1354557099782376e-07,1.3620846109424915e-07,7.467999483357685e-08,2.7079264837308783e-08
1.167051373664783e-16,2.392814414417441e-07,2.1473118876890015e-07,1.3716589507022974e-07,7.543319706731143e-08,2.7653589094063888e-08
1.1740609320242454e-16,2.401250954484041e-07,2.1592005422181207e-07,1.3812628637354233e-07,7.618903157638283e-08,2.823020799998434e-08
1.1810978478554718e-16,2.409699642084144e-07,2.1711217063583846e-07,1.3908963890220808e-07,7.694750264972502e-08,2.8809125927353277e-08
1.1881621875382215e-16,2.418160481500462e-07,2.1830754128019355e-07,1.4005595654561746e-07,7.770861457108336e-08,2.939034724734496e-08
1.1952540175451072e-16,2.4266334770095915e-07,2.19506169414029e-07,1.4102524318449867e-07,7.84723716189594e-08,2.997387632996623e-08
1.2023734044416566e-16,2.4351186328820214e-07,2.207080582864381e-07,1.4199750269088726e-07,7.923877806655559e-08,3.055971754399821e-08
1.209520414886361e-16,2.4436159533821344e-07,2.2191321113645937e-07,1.429727389280957e-07,8.00078381817199e-08,3.114787525693767e-08
1.2166951156307375e-16,2.452125442768212e-07,2.2312163119308086e-07,1.439509557506837e-07,8.077955622689117e-08,3.1738353834938554e-08
1.223897573519385e-16,2.460647105292436e-07,2.2433332167524487e-07,1.4493215700442866e-07,8.155393645904467e-08,3.233115764275339e-08
1.2311278554900408e-16,2.4691809452008915e-07,2.2554828579185307e-07,1.4591634652629728e-07,8.233098312963759e-08,3.29262910436747e-08
1.238386028573639e-16,2.4777269667335735e-07,2.2676652674177212e-07,1.4690352814441688e-07,8.311070048455403e-08,3.3523758399477135e-08
1.2456721598943663e-16,2.4862851741243876e-07,2.2798804771383943e-07,1.4789370567804797e-07,8.389309276405151e-08,3.412356407035887e-08
1.25298631666972e-16,2.4948555716011524e-07,2.2921285188686977e-07,1.4888688293755652e-07,8.46781642027097e-08,3.472571241488058e-08
1.260328566210565e-16,2.503438163385604e-07,2.3044094242966153e-07,1.4988306372438722e-07,8.546591902937638e-08,3.5330207789907625e-08
1.267698975921192e-16,2.512032953693402e-07,2.3167232250100372e-07,1.5088225183103742e-07,8.625636146711391e-08,3.593705455055178e-08
1.2750976132993727e-16,2.520639946734129e-07,2.3290699524968452e-07,1.5188445104103097e-07,8.704949573314673e-08,3.654625705011242e-08
1.2825245459364208e-16,2.529259146711293e-07,2.3414496381449765e-07,1.5288966512889305e-07,8.784532603880883e-08,3.715781964001773e-08
1.2899798415172457e-16,2.5378905578223314e-07,2.3538623132425168e-07,1.53897897860125e-07,8.864385658949191e-08,3.777174666976592e-08,2.8191895467838045e-11
1.2974635676978972e-16,2.546534184118726e-07,2.3663080087144434e-07,1.5490915296932952e-07,8.944509156497848e-08,3.8388042492945256e-08,2.8686557599265118e-11
1.304811206546881e-16,2.553580716448807e-07,2.375604136543417e-07,1.559232562236021e-07,9.024903511021033e-08,3.900690018893079e-08,4.4729770249529143e-10
1.3120249451804187e-16,2.560535103037245e-07,2.384621438361592e-07,1.5694025884526636e-07,9.1055691552016e-08,3.9628270101642924e-08,8.92829857078689e-10
1.319260978483622e-16,2.5675427242349356e-07,2.393650728491068e-07,1.579602818379838e-07,9.186506500587418e-08,4.025203362481651e-08,1.3414536040033878e-09
1.3265306862191636e-16,2.5746037226441875e-07,2.402691777888352e-07,1.5898333799220309e-07,9.267715964039494e-08,4.087818738341945e-08,1.7931366483328922e-09
1.3338343767817997e-16,2.5817182809147114e-07,2.411744592252541e-07,1.6000943097706549e-07,9.349197962420454e-08,4.150673572963604e-08,2.2478350765824557e-09
1.3411722182041014e-16,2.588886583796551e-07,2.4208091771700825e-07,1.6103856446955025e-07,9.430952911966856e-08,4.213768300024778e-08,2.7055084313356497e-09
1.3485443795942966e-16,2.596108818043626e-07,2.4298855382228733e-07,1.6207074213735133e-07,9.512981228280758e-08,4.277103353095703e-08,3.1661185180663485e-09
1.3559510311211494e-16,2.603385172417542e-07,2.4389736809882015e-07,1.6310596763887787e-07,9.595283326325298e-08,4.3406791650032674e-08,3.6296177895087776e-09
1.3633923440206294e-16,2.6107158376913447e-07,2.448073611038781e-07,1.6414424462323435e-07,9.677859620417717e-08,4.40449616815103e-08,4.095963022077901e-09
1.3708684906026213e-16,2.618101006653424e-07,2.457185333942787e-07,1.6518557673020202e-07,9.760710524225831e-08,4.468554795076458e-08,4.565117456490119e-09
1.3783796442577166e-16,2.6255408741115253e-07,2.4663088552638853e-07,1.662299675902195e-07,9.843836450763892e-08,4.532855478296352e-08,5.0370464319445016e-09
1.3859259794640648e-16,2.633035636896905e-07,2.475444180561261e-07,1.6727742082436509e-07,9.927237812387315e-08,4.597398650141166e-08,5.5117170794351145e-09
1.3935076717942852e-16,2.640585493868599e-07,2.4845913153896475e-07,1.6832794004433862e-07,1.0010915020787875e-07,4.662184742735553e-08,5.989097836113309e-09
1.401124897922442e-16,2.648190645917828e-07,2.4937502652993725e-07,1.693815288524448e-07,1.009486848698894e-07,4.727214187988125e-08,6.4691585714028334e-09
1.4087778356310772e-16,2.655851295972517e-07,2.502921035836371e-07,1.7043819084157576e-07,1.0179098621340833e-07,4.792487417581115e-08,6.951870492384546e-09
1.4164666638183044e-16,2.6635676490019467e-07,2.5121036325422283e-07,1.7149792959519525e-07,1.0263605833516136e-07,4.8580048629607416e-08,7.437206057573647e-09
1.4241915625049645e-16,2.671339912021523e-07,2.5212980609542134e-07,1.725607486873229e-07,1.0348390532505118e-07,4.923766955327865e-08,7.925138897685417e-09
1.4319527128418433e-16,2.6791682940976745e-07,2.530504326605305e-07,1.736266516825184e-07,1.0433453126611151e-07,4.989774125628977e-08,8.41564374271064e-09
1.4397502971169491e-16,2.687053006352863e-07,2.5397224350242297e-07,1.746956421358674e-07,1.0518794023446164e-07,5.0560268045474324e-08,8.908696354698223e-09
1.4475844987628545e-16,2.694994261970723e-07,2.548952391735495e-07,1.7576772359296646e-07,1.0604413629926138e-07,5.122525422494904e-08,9.404273465709721e-09
1.4554555023640986e-16,2.702992276201304e-07,2.55819420225942e-07,1.7684289958990976e-07,1.0690312352266661e-07,5.1892704096030843e-08,9.90235272046903e-09
1.4633634936646146e-16,2.711047266366454e-07,2.567447872112172e-07,1.779211736532754e-07,1.0776490595978493e-07,5.256262195715554e-08,1.0402912623281716e-08
1.4713086595753192e-16,2.7191594518652954e-07,2.5767134068058006e-07,1.7900254930011268e-07,1.0862948765863165e-07,5.32350121037986e-08,1.0905932488843643e-08
1.4792911881816898e-16,2.7273290541798327e-07,2.585990811848268e-07,1.8008703003792968e-07,1.0949687266008666e-07,5.390987882839738e-08,1.1411392396597983e-08
1.4873112687514113e-16,2.7355562968806656e-07,2.5952800927434913e-07,1.8117461936468143e-07,1.1036706499785106e-07,5.458722642027494e-08,1.191927314833452e-08
1.4953690917420948e-16,2.7438414056328187e-07,2.604581254991369e-07,1.8226532076875802e-07,1.112400686984043e-07,5.526705916556538e-08,1.2429556228756109e-08
1.5034648488090595e-16,2.7521846082016805e-07,2.6138943040878227e-07,1.8335913772897412e-07,1.1211588778096242e-07,5.594938134714025e-08,1.2942223768764358e-08
1.5115987328131836e-16,2.7605861344590556e-07,2.6232192455248314e-07,1.844560737145584e-07,1.1299452625743563e-07,5.6634197244536515e-08,1.3457258511240771e-08
1.5197709378288116e-16,2.7690462163893255e-07,2.632556084790465e-07,1.8555613218514298e-07,1.1387598813238692e-07,5.732151113388518e-08,1.3974643779121098e-08
1.5279816591517329e-16,2.777565088095711e-07,2.641904827368922e-07,1.8665931659075462e-07,1.1476027740299111e-07,5.801132728784147e-08,1.4494363445579719e-08
1.5362310933072245e-16,2.786142985806654e-07,2.651265478740566e-07,1.8776563037180508e-07,1.1564739805899393e-07,5.8703649975515535e-08,1.5016401906158222e-08
1.5445194380581563e-16,2.7947801478822944e-07,2.660638044381964e-07,1.8887507695908285e-07,1.165373540826717e-07,5.939848346240443e-08,1.5540744052687052e-08
1.552846892413168e-16,2.8034768148210537e-07,2.6700225297659194e-07,1.8998765977374422e-07,1.1743014944879156e-07,6.009583201032476e-08,1.6067375248863502e-08
1.5612136566349016e-16,2.812233229266326e-07,2.6794189403615125e-07,1.911033822273067e-07,1.1832578812457214e-07,6.079569987734604e-08,1.6596281307360644e-08
1.569619932248314e-16,2.821049636013266e-07,2.688827281634141e-07,1.922222477216411e-07,1.1922427406964392e-07,6.149809131772506e-08,1.712744846835381e-08
1.578065922049045e-16,2.829926282015681e-07,2.698247559045552e-07,1.933442596489646e-07,1.2012561123601103e-07,6.220301058184095e-08,1.7660863379360187e-08
1.586551830104779e-16,2.8388634163879297e-07,2.7076797780473715e-07,1.9446942139094727e-07,1.2102980356711743e-07,6.291046200222433e-08,1.8196468612487536e-08
1.5950732310893765e-16,2.847816794882462e-07,2.717123916769311e-07,1.9559773632213137e-07,1.2193685499964657e-07,6.362044988961689e-08,1.8734280091568028e-08
1.6036256592068409e-16,2.856782528119479e-07,2.7265799604459786e-07,1.9672920780025536e-07,1.2284676946248835e-07,6.433297849809902e-08,1.927430210056273e-08
1.6122088802946285e-16,2.865760623641095e-07,2.736047912406508e-07,1.9786383917761413e-07,1.2375955087671984e-07,6.504805207394414e-08,1.9816538913337187e-08
1.6208229614748614e-16,2.8747510851773493e-07,2.745527777530859e-07,1.9900163379786336e-07,1.2467520315560614e-07,6.576567485916421e-08,2.0360994803363602e-08
1.6294679735762656e-16,2.883753916454466e-07,2.7550195606880915e-07,2.0014259499502538e-07,1.2559373020456233e-07,6.648585109145341e-08,2.0907674043658864e-08
1.6381439875195553e-16,2.892769121192401e-07,2.764523266739236e-07,2.0128672609343235e-07,1.2651513592111816e-07,6.720858500413298e-08,2.145658090673024e-08
1.6468510743204818e-16,2.9017967031048405e-07,2.7740389005372975e-07,2.0243403040772392e-07,1.2743942419488178e-07,6.793388082609628e-08,2.2007719664520913e-08
1.6555893050898846e-16,2.910836665899207e-07,2.783566466927257e-07,2.0358451124284366e-07,1.2836659890750572e-07,6.866174278175432e-08,2.2561094588355292e-08
1.6643587510337492e-16,2.9198890132766664e-07,2.7931059707460796e-07,2.0473817189403716e-07,1.2929666393265217e-07,6.939217509098079e-08,2.3116709948884336e-08
1.673159483453267e-16,2.9289537489321327e-07,2.8026574168227246e-07,2.0589501564684977e-07,1.3022962313595867e-07,7.012518196905797e-08,2.3674570016030708e-08
1.6819915737448888e-16,2.938030876554279e-07,2.8122208099781397e-07,2.0705504577712512e-07,1.3116548037500527e-07,7.086076762662244e-08,2.4234679058933924e-08
1.6908550934003835e-16,2.947120399825536e-07,2.821796155025281e-07,2.0821826555100412e-07,1.3210423949928105e-07,7.159893626961127e-08,2.4797041345895364e-08
1.6997501140068938e-16,2.956222322422101e-07,2.831383456769108e-07,2.093846782249241e-07,1.330459043501514e-07,7.233969209920805e-08,2.5361661144323257e-08
1.708676707246995e-16,2.9653366480139494e-07,2.840982720006599e-07,2.1055428704561884e-07,1.3399047876082602e-07,7.308303931178947e-08,2.5928542720677578e-08
1.7176349448987493e-16,2.9744633802648287e-07,2.850593949526749e-07,2.1172709525011832e-07,1.3493796655632697e-07,7.382898209887183e-08,2.6497690340414925e-08
1.7266248988357626e-16,2.983602522832278e-07,2.860217150110586e-07,2.129031060657496e-07,1.3588837155345768e-07,7.4577524647058e-08,2.7069108267933234e-08
1.7356466410272424e-16,2.992754079367625e-07,2.8698523265311637e-07,2.1408232271013779e-07,1.3684169756077164e-07,7.532867113798447e-08,2.7642800766516616e-08
1.744700243538055e-16,3.0019180535159975e-07,2.879499483553583e-07,2.1526474839120733e-07,1.3779794837854225e-07,7.608242574826872e-08,2.8218772098279962e-08
1.7537857785287788e-16,3.0110944489163217e-07,2.8891586259349867e-07,2.164503863071838e-07,1.3875712779873292e-07,7.683879264945665e-08,2.8797026524113575e-08
1.762903318255763e-16,3.0202832692013356e-07,2.8988297584245727e-07,2.176392396465959e-07,1.397192396049673e-07,7.759777600797046e-08,2.937756830362782e-08
1.7720529350711859e-16,3.0294845179975945e-07,2.908512885763601e-07,2.1883131158827838e-07,1.406842875725006e-07,7.835937998505644e-08,2.996040169509757e-08
1.781234701423108e-16,3.0386981989254716e-07,2.9182080126853927e-07,2.200266053013753e-07,1.416522754681903e-07,7.912360873673352e-08,3.0545530955406846e-08
1.7904486898555299e-16,3.0479243155991704e-07,2.9279151439153463e-07,2.2122512394534228e-07,1.4262320705046885e-07,7.989046641374144e-08,3.113296033999321e-08
1.7996949730084495e-16,3.057162871626729e-07,2.937634284170938e-07,2.224268706699517e-07,1.435970860693152e-07,8.065995716148966e-08,3.1722694102792174e-08
1.8089736236179181e-16,3.0664138706100194e-07,2.947365438161734e-07,2.236318486152956e-07,1.4457391626622793e-07,8.143208512000615e-08,3.231473649618176e-08
1.8182847145160954e-16,3.0756773161447637e-07,2.957108610589391e-07,2.2484006091179102e-07,1.455537013741984e-07,8.220685442388695e-08,3.2909091770926745e-08
1.827628318631308e-16,3.084953211820537e-07,2.966863806147666e-07,2.2605151068018473e-07,1.4653644511768444e-07,8.298426920224538e-08,3.3505764176123144e-08
1.8370045089881046e-16,3.0942415612207663e-07,2.9766310295224276e-07,2.272662010315579e-07,1.4752215121258434e-07,8.376433357866182e-08,3.4104757959142534e-08
1.846413358707313e-16,3.103542367922748e-07,2.9864102853916543e-07,2.284841350673329e-07,1.485108233662115e-07,8.45470516711339e-08,3.470607736557637e-08
1.8558549410060947e-16,3.1128556354976454e-07,2.9962015784254475e-07,2.2970531587927823e-07,1.4950246527726936e-07,8.533242759202649e-08,3.5309726639180375e-08
1.8653293291980043e-16,3.122181367510497e-07,3.006004913286036e-07,2.3092974654951572e-07,1.5049708063582713e-07,8.612046544802249e-08,3.5915710021818896e-08
1.8748365966930445e-16,3.1315195675202266e-07,3.015820294627787e-07,2.3215743015052652e-07,1.5149467312329533e-07,8.691116934007362e-08,3.652403175340918e-08
1.8843768169977216e-16,3.1408702390796403e-07,3.025647727097205e-07,2.3338836974515888e-07,1.5249524641240238e-07,8.77045433633515e-08,3.7134696071865713e-08
1.8939500637151019e-16,3.150233385735442e-07,3.0354872153329476e-07,2.3462256838663517e-07,1.5349880416717166e-07,8.850059160719901e-08,3.7747707213044606e-08,2.8937639841824598e-11
1.903556410419306e-16,3.1596090109213364e-07,3.045338763803831e-07,2.3586002909567562e-07,1.5450535002337347e-07,8.92993181367931e-08,3.836306941713868e-08,2.944496838034287e-11
1.9130261348822336e-16,3.1673537019246336e-07,3.055199292957838e-07,2.3678435379086415e-07,1.555147069291094e-07,9.01007269760332e-08,3.898098067197046e-08,4.481048505652286e-10
1.922362674356149e-16,3.1750010500924895e-07,3.0650696356895865e-07,2.3768101482894214e-07,1.5652692706100475e-07,9.090482234697439e-08,3.9601389711401644e-08,8.938763331394516e-10
1.931726171597738e-16,3.182702913516115e-07,3.07495186246965e-07,2.385788690724529e-07,1.5754213285642204e-07,9.171160824387226e-08,4.022417460794186e-08,1.342718939615664e-09
1.9411281782595626e-16,3.190459339041196e-07,3.0848461587725665e-07,2.394778871383651e-07,1.5856033711381697e-07,9.252108871875744e-08,4.084933162775604e-08,1.7946006884527764e-09
1.9505690077447016e-16,3.1982705171047913e-07,3.0947525291536164e-07,2.4037806955432713e-07,1.5958154340027623e-07,9.333326782490611e-08,4.1476865008945066e-08,2.249477587392683e-09
1.9600488374824603e-16,3.206136640069016e-07,3.1046709784884317e-07,2.412794168210657e-07,1.6060575529368608e-07,9.414814960952438e-08,4.210677897341123e-08,2.7073092062322753e-09
1.9695678460959978e-16,3.214057902346729e-07,3.1146015116481665e-07,2.421819294385392e-07,1.6163297636297031e-07,9.496573811361468e-08,4.2739077741946444e-08,3.1680573766253143e-09
1.9791262133067312e-16,3.22203450040509e-07,3.124544133499851e-07,2.4308560790590697e-07,1.6266321016810036e-07,9.578603737193097e-08,4.337376553120917e-08,3.631681271984693e-09
1.9887241199413907e-16,3.2300666327693864e-07,3.1344988489064333e-07,2.439904527215309e-07,1.636964602600773e-07,9.660905141292975e-08,4.401084654957528e-08,4.0981326485743854e-09
1.998361747938966e-16,3.238154500026979e-07,3.1444656627268023e-07,2.4489646438297537e-07,1.6473273018091377e-07,9.74347842587076e-08,4.465032500533464e-08,4.567374568740713e-09
2.0080392803577225e-16,3.24629830483138e-07,3.1544445798158365e-07,2.4580364338700853e-07,1.6577202346361672e-07,9.82632399249837e-08,4.52922051082394e-08,5.039372625588747e-09
2.017756901382276e-16,3.2544982519064556e-07,3.1644356050244326e-07,2.4671199022960224e-07,1.668143436321703e-07,9.909442242104704e-08,4.593649106621626e-08,5.514093822995618e-09
2.027514796330734e-16,3.2627545480507544e-07,3.174438743199541e-07,2.476215054059327e-07,1.678596942015194e-07,9.992833574971057e-08,4.658318708513235e-08,5.991506698840731e-09
2.037313151661895e-16,3.2710674021419626e-07,3.1844539991842044e-07,2.4853218941038123e-07,1.6890807867755368e-07,1.00764983907267e-07,4.7232297368639976e-08,6.471581221798991e-09
2.0471521549825118e-16,3.279437025141491e-07,3.194481377817588e-07,2.4944404273653516e-07,1.6995950055709154e-07,1.0160437088344505e-07,4.7883826118066385e-08,6.9542886973878835e-09
2.057031995054616e-16,3.287863630099168e-07,3.204520883935017e-07,2.503570658771876e-07,1.7101396332786535e-07,1.0244650066136629e-07,4.853777753232005e-08,7.43960168177815e-09
2.0669528618029045e-16,3.2963474321580824e-07,3.214572522368017e-07,2.5127125932433846e-07,1.7207147046850667e-07,1.0329137721750209e-07,4.9194155807799655e-08,7.92749390259873e-09
2.0769149463221895e-16,3.304888648559524e-07,3.22463629794435e-07,2.5218662356919514e-07,1.7313202544853166e-07,1.0413900452163095e-07,4.9852965138306354e-08,8.417940186055408e-09
2.0869184408849127e-16,3.3134874986480574e-07,3.2347122154880456e-07,2.5310315910217307e-07,1.7419563172832786e-07,1.0498938653679644e-07,5.051420971495862e-08,8.910916389759399e-09
2.0969635389487214e-16,3.3221442038767144e-07,3.244800279819446e-07,2.54020866412896e-07,1.7526229275914004e-07,1.0584252721926493e-07,5.117789372610962e-08,9.406399340729986e-09
2.1070504351641097e-16,3.330858987812307e-07,3.254900495755236e-07,2.549397459901969e-07,1.763320119830578e-07,1.0669843051848442e-07,5.184402135726677e-08,9.904366778093619e-09
2.1171793253821232e-16,3.3396320761408554e-07,3.265012868108486e-07,2.558597983221183e-07,1.7740479283300288e-07,1.075571003770431e-07,5.2512596791013264e-08,1.0404797300053424e-08
2.1273504066621262e-16,3.3484636966731333e-07,3.275137401688688e-07,2.5678102389591316e-07,1.7848063873271752e-07,1.0841854073062848e-07,5.318362420693169e-08,1.0907670314748223e-08
2.137563877279639e-16,3.357354079350324e-07,3.2852741013017956e-07,2.5770342319804505e-07,1.7955955309675186e-07,1.0928275550798704e-07,5.385710778152901e-08,1.14129659946597e-08
2.1478199367342315e-16,3.366303456249801e-07,3.295422971750261e-07,2.5862699671418953e-07,1.8064153933045368e-07,1.1014974863088412e-07,5.453305168816351e-08,1.1920665234261443e-08
2.158118785757493e-16,3.3753120615910107e-07,3.3055840178330736e-07,2.595517449292338e-07,1.8172660082995756e-07,1.1101952401406419e-07,5.521146009697281e-08,1.2430749610634186e-08
2.1684606263210566e-16,3.384380131741478e-07,3.3157572443458006e-07,2.604776683272779e-07,1.828147409821744e-07,1.1189208556521116e-07,5.589233717480361e-08,1.2943201346799386e-08
2.178845661644697e-16,3.393507905222908e-07,3.3259426560806267e-07,2.614047673916352e-07,1.839059631647816e-07,1.1276743718490984e-07,5.657568708514235e-08,1.3458003277546892e-08
2.1892740962044918e-16,3.402695622717409e-07,3.336140257826394e-07,2.623330426048329e-07,1.8500027074621358e-07,1.1364558276660699e-07,5.726151398804719e-08,1.397513881755446e-08
2.1997461357410474e-16,3.4119435270738174e-07,3.3463500543686394e-07,2.632624944486128e-07,1.860976670856529e-07,1.1452652619657316e-07,5.794982204008107e-08,1.4494591931615792e-08
2.2102619872677954e-16,3.421251863314133e-07,3.35657205048964e-07,2.641931234039317e-07,1.8719815553302173e-07,1.1541027135386477e-07,5.864061539424574e-08,1.5016347106811088e-08
2.2208218590793537e-16,3.430620878640049e-07,3.3668062509684494e-07,2.6512492995096227e-07,1.8830173942897385e-07,1.1629682211028668e-07,5.93338981999167e-08,1.554038932646911e-08
2.2314259607599517e-16,3.440050822439601e-07,3.3770526605809424e-07,2.660579145690934e-07,1.8940842210488644e-07,1.1718618233035518e-07,6.002967460277907e-08,1.6066704045783506e-08
2.2420745031919306e-16,3.4495419462939127e-07,3.3873112840998526e-07,2.669920777369312e-07,1.9051820688285346e-07,1.1807835587126092e-07,6.072794874476422e-08,1.6595277168958767e-08
2.2527676985643045e-16,3.4590945039840324e-07,3.3975821262948195e-07,2.6792741993229925e-07,1.9163109707567851e-07,1.189733465828328e-07,6.142872476398733e-08,1.7126095027771426e-08
2.2635057603813914e-16,3.468708751497886e-07,3.4078651919324225e-07,2.6886394163223936e-07,1.9274709598686835e-07,1.198711583075021e-07,6.213200679468563e-08,1.7659144361442818e-08
2.2742889034651187e-16,3.478384947032527e-07,3.418160485770006e-07,2.6980164331229546e-07,1.938662069097047e-07,1.2077179487935666e-07,6.283779905511722e-08,1.8194370148088295e-08
2.2851125793616964e-16,3.48807788844522e-07,3.428467983795251e-07,2.707405254498515e-07,1.9498843312889772e-07,1.2167526012596492e-07,6.354610574127444e-08,1.873178822380178e-08
2.295972197201075e-16,3.497783480356978e-07,3.438787669381146e-07,2.716805885133709e-07,1.9611377791997335e-07,1.225815578673509e-07,6.425693099134484e-08,1.9271402766001014e-08
2.3068675197752727e-16,3.5075017297095734e-07,3.449119544983071e-07,2.726218329753462e-07,1.9724224454913606e-07,1.2349069191596837e-07,6.497027893561892e-08,1.9813217941581408e-08
2.3177986202294417e-16,3.517232639734328e-07,3.4594636147480255e-07,2.735642593087284e-07,1.983738362732713e-07,1.2440266607669712e-07,6.568615370013653e-08,2.035723791684255e-08
2.328765575549236e-16,3.526976213658262e-07,3.469819882812515e-07,2.745078679857545e-07,1.995085563399388e-07,1.253174841468114e-07,6.640455940663387e-08,2.0903466857428425e-08
2.339768462815947e-16,3.536732454702391e-07,3.4801883533053346e-07,2.7545265947788414e-07,2.0064640798736775e-07,1.2623514991594636e-07,6.712550017249186e-08,2.145190892827578e-08
2.3508073592093657e-16,3.546501366081731e-07,3.490569030347588e-07,2.7639863425579954e-07,2.017873944444538e-07,1.2715566716606556e-07,6.784898011068466e-08,2.200256829356212e-08
2.3618823420078305e-16,3.5562829510053066e-07,3.500961918052692e-07,2.773457927894058e-07,2.02931518930756e-07,1.2807903967142835e-07,6.85750033297285e-08,2.2555449116653794e-08
2.372993488588288e-16,3.56607721267616e-07,3.511367020526384e-07,2.7829413554783307e-07,2.0407878465649547e-07,1.2900527119855827e-07,6.930357393363034e-08,2.3110555560053815e-08
2.3841408764263484e-16,3.575884154291364e-07,3.521784341866737e-07,2.7924366299943477e-07,2.052291948225523e-07,1.299343655062109e-07,7.003469602183705e-08,2.3667891785349777e-08
2.395324583096341e-16,3.5857037790420265e-07,3.5322138861641567e-07,2.8019437561179047e-07,2.063827526204645e-07,1.3086632634534353e-07,7.076837368918483e-08,2.4227461953161603e-08
2.406544686271375e-16,3.5955360901132994e-07,3.542655657501401e-07,2.8114627385170527e-07,2.0753946123242697e-07,1.3180115745908375e-07,7.150461102584837e-08,2.4789270223089243e-08
2.417801263723388e-16,3.605381090684391e-07,3.553109659953587e-07,2.820993581852108e-07,2.0869932383129056e-07,1.3273886258269939e-07,7.224341211729067e-08,2.5353320753660424e-08
2.429094393323209e-16,3.615238783928569e-07,3.563575897588192e-07,2.830536290775661e-07,2.098623435805621e-07,1.3367944544356854e-07,7.298478104421298e-08,2.5919617702278233e-08
2.4404241530406114e-16,3.625109173013176e-07,3.5740543744650705e-07,2.8400908699325787e-07,2.1102852363440382e-07,1.3462290976115004e-07,7.372872188250465e-08,2.648816522516872e-08
2.4517906209443714e-16,3.6349922610996334e-07,3.584545094636462e-07,2.849657323960014e-07,2.1219786713763414e-07,1.3556925924695463e-07,7.447523870319352e-08,2.7058967477328408e-08
2.4631938752023215e-16,3.6448880513434547e-07,3.595048062146994e-07,2.85923565748741e-07,2.133703772257285e-07,1.3651849760451588e-07,7.522433557239645e-08,2.7632028612471847e-08
2.4746339940814095e-16,3.654796546894246e-07,3.605563281033698e-07,2.868825875136508e-07,2.1454605702482044e-07,1.3747062852936224e-07,7.597601655126988e-08,2.8207352782979084e-08
2.486111055947754e-16,3.664717750895727e-07,3.6160907553260124e-07,2.8784279815213575e-07,2.1572490965170294e-07,1.384256557089892e-07,7.673028569596108e-08,2.8784944139843063e-08
2.497625139266698e-16,3.674651666485729e-07,3.626630489045798e-07,2.888041981248315e-07,2.1690693821383075e-07,1.3938358282283162e-07,7.74871470575589e-08,2.9364806832617058e-08
2.509176322602868e-16,3.684598296796208e-07,3.6371824862073394e-07,2.8976678789160586e-07,2.1809214580932231e-07,1.4034441354223682e-07,7.824660468204527e-08,2.9946945009362105e-08
2.52076468462023e-16,3.6945576449532545e-07,3.6477467508173584e-07,2.9073056791155886e-07,2.1928053552696265e-07,1.4130815153043824e-07,7.9008662610247e-08,3.053136281659431e-08
2.532390304082145e-16,3.7045297140771006e-07,3.658323286875023e-07,2.916955386430241e-07,2.20472110446206e-07,1.4227480044252928e-07,7.97733248777875e-08,3.111806439923221e-08
2.5440532598514245e-16,3.714514507282126e-07,3.668912098371956e-07,2.926617005435684e-07,2.2166687363717996e-07,1.4324436392543689e-07,8.054059551503879e-08,3.170705390054413e-08
2.5557536308903884e-16,3.7245120276768734e-07,3.6795131892922413e-07,2.93629054069994e-07,2.228648281606881e-07,1.4421684561789732e-07,8.13104785470738e-08,3.2298335462095476e-08
2.567491496260918e-16,3.73452227836405e-07,3.690126563612435e-07,2.9459759967833763e-07,2.2406597706821486e-07,1.4519224915043016e-07,8.208297799361918e-08,3.2891913223696064e-08
2.579266935124518e-16,3.7445452624405415e-07,3.7007522253015747e-07,2.955673378238721e-07,2.2527032340193004e-07,1.461705781453149e-07,8.285809786900789e-08,3.348779132334743e-08
2.5910800267423645e-16,3.7545809829974186e-07,3.71139017832119e-07,2.965382689611073e-07,2.264778701946927e-07,1.4715183621656587e-07,8.363584218213238e-08,3.408597389719015e-08
2.6029308504753683e-16,3.764629443119944e-07,3.722040426625305e-07,2.9751039354378993e-07,2.2768862047005735e-07,1.4813602696990946e-07,8.44162149363978e-08,3.468646507945109e-08
2.614819485784227e-16,3.774690645887583e-07,3.732702974160456e-07,2.9848371202490486e-07,2.2890257724227868e-07,1.4912315400276043e-07,8.519922012967586e-08,3.5289269002390845e-08
2.6267460122294843e-16,3.7847645943740104e-07,3.7433778248656966e-07,2.994582248566757e-07,2.3011974351631771e-07,1.5011322090419925e-07,8.598486175425823e-08,3.589438979625091e-08
2.6387105094715807e-16,3.794851291647124e-07,3.754064982672602e-07,3.0043393249056545e-07,2.313401222878476e-07,1.511062312549498e-07,8.677314379681113e-08,3.650183158920108e-08
2.650713057270916e-16,3.8049507407690453e-07,3.764764451505285e-07,3.0141083537727717e-07,2.325637165432603e-07,1.5210218862735748e-07,8.756407023832936e-08,3.711159850728688e-08
2.662753735487903e-16,3.8150629447961333e-07,3.775476235280407e-07,3.0238893396675496e-07,2.3379052925967343e-07,1.5310109658536768e-07,8.835764505409113e-08,3.7723694674376785e-08,2.9712538077786396e-11
2.6748326239508985e-16,3.8251879066835444e-07,3.78620033778092e-07,3.03368228693787e-07,2.3502056338388007e-07,1.541029586661884e-07,8.915387219405362e-08,3.833812421916375e-08,3.0233021847448387e-11
2.6867751772702023e-16,3.833647079468972e-07,3.796935698524947e-07,3.0434851037140827e-07,2.3593920623800568e-07,1.5510759498805665e-07,8.995275556557689e-08,3.8955090236152504e-08,4.489386137218054e-10
2.698584906333555e-16,3.842002158954912e-07,3.8076826182448475e-07,3.0532983363441267e-07,2.368303376872252e-07,1.561150584597973e-07,9.07542992885309e-08,3.9574539789415805e-08,8.949499404024935e-10
2.7104264979154437e-16,3.850412880729126e-07,3.818441835423978e-07,3.063123379804252e-07,2.3772265380313507e-07,1.5712547315037436e-07,9.155850723735212e-08,4.0196347509384643e-08,1.3440112350693442e-09
2.7223118505625054e-16,3.858879303742155e-07,3.829213421304404e-07,3.072960360271254e-07,2.386161242079164e-07,1.5813885190762484e-07,9.236538334950721e-08,4.0820509294625546e-08,1.7960917533556448e-09
2.734241292195629e-16,3.8674016259989217e-07,3.839997380193158e-07,3.0828092818312305e-07,2.395107494134165e-07,1.5915519819957068e-07,9.317493156493694e-08,4.144702927097173e-08,2.2511470285244283e-09
2.7462150099481044e-16,3.8759800475495275e-07,3.850793716443297e-07,3.092670148768577e-07,2.4040652990457754e-07,1.6017451550636742e-07,9.398715581768768e-08,4.2075911546977224e-08,2.7091366387575147e-09
2.758233192179891e-16,3.88461477053826e-07,3.861602434404638e-07,3.1025429653597564e-07,2.413034661655952e-07,1.6119680729952464e-07,9.48020600357414e-08,4.2707160230211476e-08,3.1700224541256867e-09
2.770296028386741e-16,3.893305999207405e-07,3.8724235384237197e-07,3.112427735873505e-07,2.422015586798914e-07,1.6222207704191905e-07,9.561964814097083e-08,4.334077942655673e-08,3.633768437083068e-09
2.7824037092073907e-16,3.9020539399011483e-07,3.8832570328438466e-07,3.1223244645708377e-07,2.431008079301151e-07,1.632503281877782e-07,9.643992404910514e-08,4.397677323190088e-08,4.100325439293401e-09
2.79455642643073e-16,3.9108588010695837e-07,3.89410292200513e-07,3.132233155705065e-07,2.440012143981433e-07,1.642815641826632e-07,9.72628916696546e-08,4.4615145739433984e-08,4.56965452908361e-09
2.806754373003042e-16,3.919720793272864e-07,3.9049612102445185e-07,3.14215381352179e-07,2.4490277856508087e-07,1.653157884634529e-07,9.808855490590025e-08,4.525590104465233e-08,5.041721041787611e-09
2.8189977430352974e-16,3.9286401291854644e-07,3.915831901895839e-07,3.1520864422589234e-07,2.458055009112621e-07,1.6635300445832796e-07,9.89169176548494e-08,4.5899043241999685e-08,5.516492094472851e-09
2.831286731810521e-16,3.9376170236005796e-07,3.9267150012898387e-07,3.162031046146696e-07,2.4670938191625046e-07,1.6739321558675545e-07,9.97479838070207e-08,4.6544576423787294e-08,5.99393633624307e-09
2.84362153579121e-16,3.946651693434651e-07,3.937610512754217e-07,3.1719876294076526e-07,2.4761442205883923e-07,1.684364252594738e-07,1.0058175724653557e-07,4.719250468004547e-08,6.474023845847813e-09
2.856002352626828e-16,3.9557443577320024e-07,3.9485184406136694e-07,3.1819561962566737e-07,2.485206218170528e-07,1.694826368784785e-07,1.0141824185125783e-07,4.784283209842811e-08,6.956726037769145e-09
2.868429381161353e-16,3.9648952376696143e-07,3.9594387891899197e-07,3.1919367509009755e-07,2.494279816681462e-07,1.705318538370082e-07,1.0225744149263283e-07,4.8495562764120914e-08,7.442015576078278e-09
2.8809028214408964e-16,3.974104556562018e-07,3.9703715628017666e-07,3.2019292975401226e-07,2.503365020886064e-07,1.715840795195308e-07,1.0309936003562389e-07,4.915070075970949e-08,7.929866295290847e-09
2.8934228747213804e-16,3.9833725398663096e-07,3.9813167657651214e-07,3.211933840366034e-07,2.512461835541529e-07,1.726393173017299e-07,1.0394400133867224e-07,4.980825016495288e-08,8.420253127538603e-09
2.9059897434762807e-16,3.9926994151872843e-07,3.9922744023930453e-07,3.2219503835629897e-07,2.521570265397379e-07,1.7369757055049209e-07,1.0479136925365825e-07,5.0468215057044147e-08,8.913152035453906e-09
2.9186036314044364e-16,4.002085412282695e-07,4.0032444769957887e-07,3.231978931307644e-07,2.5306903151954704e-07,1.7475884262389482e-07,1.0564146762586237e-07,5.11305995104046e-08,9.408539950229142e-09
2.9312647434379285e-16,4.0115307630686246e-07,4.014226993880831e-07,3.242019487769025e-07,2.5398219896700053e-07,1.7582313687119402e-07,1.064943002939264e-07,5.179540759657105e-08,9.906394714373247e-09
2.9439732857500186e-16,4.0210357016249815e-07,4.025221957352926e-07,3.2520720571085526e-07,2.548965293547527e-07,1.7689045663281255e-07,1.0734987108981491e-07,5.246264338412007e-08,1.0406695028738831e-08
2.9567294657631457e-16,4.030600464201104e-07,4.036229371714142e-07,3.262136643480043e-07,2.558120231546934e-07,1.779608052403288e-07,1.0820818383877755e-07,5.313231093859428e-08,1.0909420403438567e-08
2.969533492157011e-16,4.0402252892214846e-07,4.047249241263897e-07,3.272213251029709e-07,2.567286808379484e-07,1.7903418601646627e-07,1.0906924235931138e-07,5.3804414322429996e-08,1.1414551112308943e-08
2.9823855748767045e-16,4.049910417291615e-07,4.0582815702990054e-07,3.282301883896184e-07,2.5764650287487995e-07,1.8011060227508285e-07,1.0993305046312347e-07,5.4478957594886866e-08,1.1922068150614936e-08
2.995285925140916e-16,4.059656091203921e-07,4.0693263631137205e-07,3.2924025462105146e-07,2.585654897350873e-07,1.811900573211608e-07,1.1079961195509393e-07,5.5155944811978836e-08,1.2431953195719732e-08
3.008234755450208e-16,4.069462555943838e-07,4.0803836239997725e-07,3.3025152420961784e-07,2.594856418874075e-07,1.822725544507976e-07,1.1166893063323933e-07,5.583538002640651e-08,1.2944188570471117e-08
3.0212322795953482e-16,4.0793300586959713e-07,4.091453357246412e-07,3.3126399756690916e-07,2.604069597999157e-07,1.833580969511962e-07,1.1254101028867629e-07,5.651726728749091e-08,1.345875720908052e-08
3.03427871266572e-16,4.0892588488503846e-07,4.102535567140457e-07,3.3227767510376137e-07,2.613294439399263e-07,1.8444668810065678e-07,1.1341585470558584e-07,5.720161064110813e-08,1.397564262529212e-08
3.0473742710577955e-16,4.0992491780089787e-07,4.113630257966328e-07,3.3329255723025564e-07,2.6225309477399283e-07,1.855383311685676e-07,1.1429346766117785e-07,5.788841412962548e-08,1.4494828882658691e-08
3.060519172483677e-16,4.1093012999919853e-07,4.124737434006099e-07,3.343086443557195e-07,2.631779127679091e-07,1.866330294153979e-07,1.1517385292565542e-07,5.8577681791838425e-08,1.5016300566757855e-08
3.073713635979705e-16,4.1194154708445683e-07,4.135857099539536e-07,3.3532593688872746e-07,2.641038983867098e-07,1.8773078609268962e-07,1.160570142621806e-07,5.9269417662908456e-08,1.5540042759198105e-08
3.0869578819151437e-16,4.129591948843514e-07,4.1469892588441446e-07,3.363444352371018e-07,2.650310520946708e-07,1.888316044430507e-07,1.1694295542683952e-07,5.9963625774302e-08,1.6066041013277006e-08
3.1002521320009217e-16,4.1398309945040413e-07,4.158133916195212e-07,3.3736413980791334e-07,2.6595937435531e-07,1.8993548770014786e-07,1.1783168016860824e-07,6.066031015373014e-08,1.6594281331166943e-08
3.113596609298451e-16,4.1501328705866933e-07,4.169291075865848e-07,3.3838505100748263e-07,2.668888656313879e-07,1.9104243908870068e-07,1.1872319222931945e-07,6.135947482508902e-08,1.7124750142514153e-08
3.126991538228512e-16,4.160497842104344e-07,4.18046074212704e-07,3.3940716924138067e-07,2.6781952638490845e-07,1.921524618244749e-07,1.1961749534362838e-07,6.20611238084013e-08,1.7657434284347286e-08
3.140437144579871e-16,4.170926176322749e-07,4.1916429192392517e-07,3.404304949136299e-07,2.687513570762472e-07,1.9326555911326476e-07,1.2051459323803698e-07,6.276526120957488e-08,1.8192281013852445e-08
3.1539287584819795e-16,4.1813717384636964e-07,4.202837581232329e-07,3.414550284302446e-07,2.6968435816575084e-07,1.9438173415269475e-07,1.2141448963278947e-07,6.347189111177906e-08,1.872930607314906e-08
3.1674616656318805e-16,4.1918302249638976e-07,4.2140447097961813e-07,3.4248077018793074e-07,2.7061853011312685e-07,1.95500990131583e-07,1.2231718824081387e-07,6.418101753924748e-08,1.9268513534470804e-08
3.1810356260321183e-16,4.202301642097892e-07,4.2252643067046706e-07,3.435077205877212e-07,2.71553873377324e-07,1.9662333022977495e-07,1.2322269276769684e-07,6.489264450822996e-08,1.9809907459069262e-08
3.1946507190744106e-16,4.212785992600597e-07,4.236496375571668e-07,3.4453588003125056e-07,2.7249038841654164e-07,1.9774875761813828e-07,1.2413100691168423e-07,6.560677603074017e-08,2.0353491907409914e-08
3.2083070281283093e-16,4.223283279202142e-07,4.2477409200013376e-07,3.4556524891948143e-07,2.734280756882279e-07,1.9887727545855916e-07,1.2504213436365147e-07,6.632341611450592e-08,2.0899270939114466e-08
3.222004636662688e-16,4.2337935046270895e-07,4.2589979435908005e-07,3.4659582765263137e-07,2.743669356490784e-07,2.0000888690393864e-07,1.259560788070729e-07,6.70425687629207e-08,2.14472486129116e-08
3.235743628248349e-16,4.244316671594433e-07,4.2702674499301413e-07,3.476276166301743e-07,2.7530696875503766e-07,2.0114359509818955e-07,1.2687284391799145e-07,6.776423797499564e-08,2.199742898658766e-08
3.2495240865580764e-16,4.2548527828176176e-07,4.281549442602419e-07,3.48660616250841e-07,2.7624817546129896e-07,2.0228140317623374e-07,1.2779243336498826e-07,6.84884277453113e-08,2.254981611693703e-08
3.263346095366698e-16,4.265401841004542e-07,4.2928439251836726e-07,3.4969482691262044e-07,2.7719055622230556e-07,2.0342231426400025e-07,1.2871485080915346e-07,6.921514206397006e-08,2.310441405971278e-08
3.277209738551138e-16,4.2759638488575766e-07,4.3041509012429387e-07,3.507302490127604e-07,2.781341114917512e-07,2.0456633147842307e-07,1.2964009990405645e-07,6.994438491654808e-08,2.3661226869576996e-08
3.2911151000904726e-16,4.286538809073572e-07,4.3154703743422506e-07,3.51766882947768e-07,2.790788417225807e-07,2.0571345792744017e-07,1.305681842957174e-07,7.067616028404819e-08,2.4220258600051097e-08
3.3050622640659856e-16,4.297126724343869e-07,4.326802348036655e-07,3.5280472911341113e-07,2.8002474736699053e-07,2.0686369670999175e-07,1.3149910762257845e-07,7.141047214285243e-08,2.478151330346635e-08
3.3190513146612313e-16,4.3077275973543105e-07,4.3381468258742225e-07,3.538437879047185e-07,2.8097182887642967e-07,2.0801705091601973e-07,1.3243287351547555e-07,7.214732446467497e-08,2.534499503091404e-08
3.33308233616208e-16,4.318341430785257e-07,4.3495038113960555e-07,3.54884059715982e-07,2.819200867016002e-07,2.091735236264675e-07,1.3336948559761104e-07,7.288672121651507e-08,2.5910707832195754e-08
3.347155412956784e-16,4.3289682273115877e-07,4.3608733081362945e-07,3.559255449407555e-07,2.828695212924576e-07,2.103331179132799e-07,1.3430894748452588e-07,7.362866636061076e-08,2.6478655755773708e-08
3.3612706295360245e-16,4.3396079896027224e-07,4.372255319622132e-07,3.569682439718572e-07,2.83820133098212e-07,2.114958368394031e-07,1.352512627840728e-07,7.437316385439193e-08,2.70488428487209e-08
3.3754280704929763e-16,4.3502607203226247e-07,4.3836498493738224e-07,3.5801215720137007e-07,2.8477192256732833e-07,2.126616834587855e-07,1.3619643509638976e-07,7.512021765043437e-08,2.7621273156671324e-08
3.389627820523358e-16,4.360926422129817e-07,4.395056900904687e-07,3.5905728502064287e-07,2.8572489014752725e-07,2.1383066081637881e-07,1.371444680138739e-07,7.58698316964135e-08,2.8195950723770146e-08
3.403869964425492e-16,4.3716050976773904e-07,4.4064764777211326e-07,3.601036278202905e-07,2.866790362857858e-07,2.1500277194813964e-07,1.380953651211553e-07,7.662200993505855e-08,2.8772879592623875e-08
3.4181545871003535e-16,4.382296749613014e-07,4.41790858332265e-07,3.611511859901953e-07,2.8763436142833814e-07,2.1617801988103055e-07,1.390491299950718e-07,7.73767563041071e-08,2.9352063804250508e-08
3.432481773551637e-16,4.393001380578948e-07,4.429353221201831e-07,3.621999599195083e-07,2.8859086602067616e-07,2.173564076330223e-07,1.4000576620464405e-07,7.81340747362593e-08,2.9933507398029676e-08
3.4468516088858034e-16,4.403718993212054e-07,4.4408103948443784e-07,3.632499499966493e-07,2.895485505075499e-07,2.185379382130966e-07,1.4096527731105058e-07,7.889396915913299e-08,3.0517214411652755e-08
3.4612641783121377e-16,4.414449590143802e-07,4.452280107729112e-07,3.643011566093075e-07,2.9050741533296846e-07,2.1972261462124852e-07,1.4192766686760368e-07,7.96564434952187e-08,3.1103188881072996e-08
3.475719567142812e-16,4.4251931740002897e-07,4.4637623633279846e-07,3.6535358014444383e-07,2.914674609402009e-07,2.2091043984848946e-07,1.4289293841972592e-07,8.042150166183473e-08,3.169143484045568e-08
3.490217860792934e-16,4.435949747402243e-07,4.475257165106078e-07,3.664072209882903e-07,2.9242868777177675e-07,2.2210141687685064e-07,1.438610955049258e-07,8.118914757108281e-08,3.228195632212819e-08
3.504759144780601e-16,4.446719312965035e-07,4.486764516521633e-07,3.674620795263517e-07,2.933910962694861e-07,2.2329554867938685e-07,1.4483214165277551e-07,8.195938512980377e-08,3.287475735653016e-08
3.519343504726966e-16,4.457501873298694e-07,4.4982844210260355e-07,3.6851815614340644e-07,2.9435468687438136e-07,2.244928382201802e-07,1.4580608038488764e-07,8.27322182395335e-08,3.3469841972163676e-08
3.533971026356281e-16,4.4682974310079084e-07,4.509816882063852e-07,3.6957545122350724e-07,2.9531946002677717e-07,2.256932884543448e-07,1.4678291521489338e-07,8.350765079645929e-08,3.406721419554331e-08
3.548641795495965e-16,4.4791059886920477e-07,4.521361903072819e-07,3.706339651499817e-07,2.962854161662514e-07,2.2689690232803115e-07,1.4776264964842002e-07,8.428568669137605e-08,3.466687805114643e-08
3.563355898076653e-16,4.489927548945163e-07,4.532919487483862e-07,3.7169369830543387e-07,2.9725255573164593e-07,2.281036827784313e-07,1.4874528718307003e-07,8.506632980964322e-08,3.5268837561363225e-08
3.578113420132253e-16,4.500762114356007e-07,4.5444896387211025e-07,3.727546510717447e-07,2.9822087916106717e-07,2.2931363273378403e-07,1.497308313083996e-07,8.584958403114161e-08,3.5873096746446994e-08
3.592914447800001e-16,4.5116096875080375e-07,4.5560723602018693e-07,3.7381682383007287e-07,2.9919038689188593e-07,2.3052675511338054e-07,1.507192855058979e-07,8.663545323023074e-08,3.6479659624464387e-08
3.6077590673205216e-16,4.522470270979428e-07,4.5676676553367083e-07,3.74880216960856e-07,3.001610793607405e-07,2.3174305282757032e-07,1.517106532489669e-07,8.742394127570615e-08,3.708853021124564e-08
3.622647365037877e-16,4.5333438673430803e-07,4.5792755275293885e-07,3.7594483084381106e-07,3.011329570035346e-07,2.32962528777767e-07,1.5270493800290136e-07,8.821505203075724e-08,3.769971252033482e-08,3.051793696400091e-11
3.6375794272740996e-16,4.544230479072083e-07,4.5908959800577913e-07,3.770106658463435e-07,3.0210602023985444e-07,2.3418518582956624e-07,1.5370214319925055e-07,8.900878932901503e-08,3.83132105711506e-08,3.1052087731799923e-11
3.652375949709404e-16,4.553417393519324e-07,4.602527897169123e-07,3.780777225957096e-07,3.030800570877589e-07,2.3509819248777738e-07,1.547020860335019e-07,8.980515696569378e-08,3.892923277215105e-08,4.4980015190151254e-10
3.667040510103724e-16,4.562493343003886e-07,4.614171596670228e-07,3.791460004975641e-07,3.0405512332611904e-07,2.3598383588630588e-07,1.557048201803176e-07,9.060415896153481e-08,3.9547724454708445e-08,8.960516875678873e-10
3.681742280341645e-16,4.57162601062697e-07,4.6258278505520187e-07,3.8021550049943236e-07,3.0503135995701227e-07,2.368706553951049e-07,1.567104714044485e-07,9.140579907267374e-08,4.01685566811086e-08,1.3453317859253195e-09
3.6964935051138946e-16,4.5808154711728144e-07,4.637496734257471e-07,3.812862231283975e-07,3.060087796765081e-07,2.377586196703155e-07,1.5771905261089008e-07,9.221008112387407e-08,4.0791724972700665e-08,1.7976110187001398e-09
3.711294527300364e-16,4.590061930322641e-07,4.649178251573822e-07,3.8235816876810315e-07,3.0698738287559077e-07,2.386477292107876e-07,1.5873056716997022e-07,9.301700894368476e-08,4.141723334481297e-08,2.2528444324466666e-09
3.726145543956617e-16,4.599365595880287e-07,4.660872406380765e-07,3.8343133779330995e-07,3.0796716996889883e-07,2.395379844861394e-07,1.5974501846550646e-07,9.382658635493646e-08,4.204508579434518e-08,2.71099162414075e-09
3.7410467533910606e-16,4.608726677785389e-07,4.6725792025560203e-07,3.845057305780855e-07,3.0894814137029316e-07,2.4042938596527216e-07,1.6076240987297362e-07,9.463881717453057e-08,4.2675286317367034e-08,3.1720145146838822e-09
3.755998355085055e-16,4.618145388116963e-07,4.684298643974956e-07,3.855813474957862e-07,3.0993029749288735e-07,2.4132193411633846e-07,1.6178274475952146e-07,9.545370521339684e-08,4.330783890821091e-08,3.6358772295411016e-09
3.7710005497001687e-16,4.6276219410968125e-07,4.6960307345106246e-07,3.866581889190573e-07,3.109136387490487e-07,2.4221562940674287e-07,1.628060264839587e-07,9.627125427645742e-08,4.394274755561445e-08,4.1025392133881125e-09
3.7860535390855e-16,4.6371565530935617e-07,4.7077754780338045e-07,3.877362552198344e-07,3.1189816555039856e-07,2.4311047230314274e-07,1.638322583967377e-07,9.709146816257868e-08,4.458001624027555e-08,4.571954831723226e-09
3.801157526285123e-16,4.6467494426268845e-07,4.7195328784130425e-07,3.888155467693446e-07,3.1288387830781386e-07,2.4400646327144855e-07,1.6486144383993947e-07,9.791435066452122e-08,4.521964894338317e-08,5.044089085145209e-09
3.8163127155456127e-16,4.656400830371846e-07,4.731302939514693e-07,3.898960639381071e-07,3.1387077743142724e-07,2.449036027768247e-07,1.6589358614725906e-07,9.873990556892771e-08,4.586164964744324e-08,5.518909215243118e-09
3.8315193123236257e-16,4.666110939163384e-07,4.743085665202957e-07,3.909778070959337e-07,3.1485886333062846e-07,2.4580189128368957e-07,1.669286886439911e-07,9.956813665627589e-08,4.650602233294996e-08,5.996383993540407e-09
3.846777523293541e-16,4.6758799940009094e-07,4.754881059339918e-07,3.9206077661193047e-07,3.158481364140647e-07,2.4670132925571703e-07,1.6796675464701646e-07,1.0039904770083814e-07,4.715277097806968e-08,6.4764836197334505e-09
3.862087556355174e-16,4.685708222053025e-07,4.7666891257855894e-07,3.9314497285449845e-07,3.1683859708964114e-07,2.4760191715583594e-07,1.6900778746478786e-07,1.0123264247064381e-07,4.7801899558547704e-08,6.959179627831493e-09
3.877449620641561e-16,4.695595852662368e-07,4.77850986839796e-07,3.94230396191334e-07,3.1783024576452254e-07,2.485036554462317e-07,1.7005179039731753e-07,1.0206892472744168e-07,4.845341204761807e-08,7.4444448000720754e-09
3.8928639265267823e-16,4.7055431173505944e-07,4.790343291033015e-07,3.9531704698943073e-07,3.1882308284513337e-07,2.494065445883461e-07,1.7109876673616445e-07,1.0290789822663606e-07,4.910731241591712e-08,7.93225308783838e-09
3.9083306856338876e-16,4.7155502498234516e-07,4.802189397544805e-07,3.9640492561507917e-07,3.1981710873715896e-07,2.5031058504287863e-07,1.7214871976442145e-07,1.0374956671705819e-07,4.9763604631400065e-08,8.422579538895333e-09
3.9238501108428514e-16,4.7256174859759935e-07,4.814048191785464e-07,3.9749403243386876e-07,3.2081232384554623e-07,2.5121577726978643e-07,1.7320165275670398e-07,1.0459393394135677e-07,5.042229265926042e-08,8.915400230339348e-09
3.939422416298626e-16,4.73574506389792e-07,4.825919677605268e-07,3.985843678106886e-07,3.2180872857450426e-07,2.5212212172828515e-07,1.7425756897913808e-07,1.0544100363577045e-07,5.1083380461852414e-08,9.410692206723913e-09
3.9550478174192374e-16,4.745933223879005e-07,4.837803858852658e-07,3.9967593210972746e-07,3.228063233275053e-07,2.5302961887684933e-07,1.7531647168930908e-07,1.0629077953007407e-07,5.1746871998615146e-08,9.908433422882325e-09
3.9707265309039566e-16,4.7561822084146807e-07,4.849700739374316e-07,4.0076872569447606e-07,3.238051085072859e-07,2.539382691732134e-07,1.7637836413603422e-07,1.0714326534724787e-07,5.241277122572437e-08,1.0408602691020261e-08
3.9864587747415414e-16,4.7664922622117086e-07,4.861610323015164e-07,4.0186274892772696e-07,3.2480508451584673e-07,2.548480730743713e-07,1.7744324955929796e-07,1.0799846480373494e-07,5.308108209645564e-08,1.0911179631697115e-08
4.002244768218538e-16,4.776863632193971e-07,4.87353261361845e-07,4.0295800217157595e-07,3.2580625175445403e-07,2.5575903103619196e-07,1.7851113119095897e-07,1.0885638160962839e-07,5.375180856102767e-08,1.1416144628353476e-08
4.0180847319276675e-16,4.78729656750838e-07,4.885467615025757e-07,4.0405448578742257e-07,3.268086106236404e-07,2.5667114351388276e-07,1.795820122544595e-07,1.0971701946845106e-07,5.442495456646727e-08,1.1923478785077666e-08
4.0339788877762423e-16,4.797791319530903e-07,4.897415331077074e-07,4.0515220013597175e-07,3.278121615232055e-07,2.575844109621485e-07,1.806558959646985e-07,1.1058038207708705e-07,5.510052405653666e-08,1.2433163887335741e-08
4.049927458994696e-16,4.808348141872684e-07,4.909375765610818e-07,4.0625114557723374e-07,3.288169048521695e-07,2.584988338349918e-07,1.8173278552801473e-07,1.1144647312574686e-07,5.577852097166828e-08,1.2945182365416346e-08
4.065930670145159e-16,4.818967290386284e-07,4.921348922463891e-07,4.07351322470526e-07,3.298228410085597e-07,2.594144125856787e-07,1.8281268414217814e-07,1.1231529629793459e-07,5.6458949248901356e-08,1.3459517260366204e-08
4.081988747130098e-16,4.829649023172032e-07,4.933334805471729e-07,4.0845273117447316e-07,3.3082997038982066e-07,2.6033114766673847e-07,1.83895594996382e-07,1.1318685527041401e-07,5.714181282181934e-08,1.3976152192213594e-08
4.09810191720104e-16,4.840393600584469e-07,4.945333418468331e-07,4.0955537204700913e-07,3.3183829339278224e-07,2.6124903952996596e-07,1.8498152127123453e-07,1.1406115371317583e-07,5.782711562048876e-08,1.4495071330296322e-08
4.1142704089673517e-16,4.851201285238908e-07,4.95734476528632e-07,4.106592454453771e-07,3.328478104135611e-07,2.621680886264213e-07,1.8607046613875214e-07,1.1493819528940495e-07,5.851486157139878e-08,1.501625936552806e-08
4.130494452405085e-16,4.862072342018096e-07,4.969368849756976e-07,4.11764351726131e-07,3.3385852184754544e-07,2.6308829540643004e-07,1.8716243276235194e-07,1.1581798365544791e-07,5.920505459740219e-08,1.5539701484452017e-08
4.146774278865911e-16,4.873007038078972e-07,4.981405675710296e-07,4.1287069124507404e-07,3.3487042808939654e-07,2.640096603195847e-07,1.8825742429684536e-07,1.1670052246078126e-07,5.9897698617657e-08,1.6065383344944634e-08
4.163110121086129e-16,4.884005642859524e-07,4.993455246975024e-07,4.1397826435722287e-07,3.358835295330489e-07,2.649321838147449e-07,1.8935544388843148e-07,1.1758581534797962e-07,6.059279754756893e-08,1.6593291053444568e-08
4.179502213195714e-16,4.895068428085765e-07,5.005517567378713e-07,4.1508707141684737e-07,3.368978265717116e-07,2.658558663400376e-07,1.9045649467469108e-07,1.1847386595268459e-07,6.129035529873485e-08,1.7123411143592664e-08
4.1959507907274583e-16,4.906195667778769e-07,5.017592640747758e-07,4.1619711277769334e-07,3.379133195978691e-07,2.667807083428586e-07,1.9156057978458127e-07,1.1936467790357346e-07,6.199037577888701e-08,1.76557305561793e-08
4.212456090620986e-16,4.917387638252158e-07,5.029680470894841e-07,4.1730838879238053e-07,3.389300090026971e-07,2.677067102691031e-07,1.92667702337498e-07,1.2025825482142175e-07,6.26928629835219e-08,1.8190198698403014e-08
4.2290133236749413e-16,4.928597299394953e-07,5.041781029933157e-07,4.1842089981534993e-07,3.399478951771367e-07,2.686338725645599e-07,1.9377786544493536e-07,1.2115460032094643e-07,6.339782088491396e-08,1.8726831212011323e-08
4.245617654170322e-16,4.939820138075372e-07,5.05389429790324e-07,4.1953464619130045e-07,3.409669785114802e-07,2.6956219567440796e-07,1.948910722098985e-07,1.220537180097555e-07,6.410525339528114e-08,1.926563206544037e-08
4.2622688395981185e-16,4.95105615983334e-07,5.066020275940333e-07,4.206496282694487e-07,3.419872593952936e-07,2.704916800430974e-07,1.9600732572675086e-07,1.229556114883364e-07,6.481516441877333e-08,1.9806605215643848e-08
4.278966965818748e-16,4.962305366914986e-07,5.078158967174853e-07,4.2176584639986775e-07,3.4300873821742714e-07,2.7142232611434987e-07,1.9712662908120925e-07,1.2386028435006005e-07,6.552755785532239e-08,2.0349754618610745e-08
4.295712122811086e-16,4.973567761561175e-07,5.090310374728472e-07,4.2288330093200935e-07,3.440314153660119e-07,2.723541343311594e-07,1.9824898535034004e-07,1.247677401811538e-07,6.624243760059525e-08,2.0895084229309577e-08
4.312504400657035e-16,4.984843346007769e-07,5.102474501716518e-07,4.240019922147033e-07,3.450552912284603e-07,2.7328710513579247e-07,1.993743976025563e-07,1.256779825606731e-07,6.695980754594879e-08,2.1442598001641735e-08
4.32934388954384e-16,4.99613212248564e-07,5.114651351247993e-07,4.251219205961267e-07,3.460803661914664e-07,2.742212389697892e-07,2.0050286889761445e-07,1.265910150604729e-07,6.767967157838475e-08,2.1992299888394518e-08
4.34623067976414e-16,5.007434093220677e-07,5.126840926425576e-07,4.2624308642378123e-07,3.4710664064100714e-07,2.7515653627396367e-07,2.016344022866122e-07,1.275068412451804e-07,6.840203358050483e-08,2.2544193841194152e-08
4.363164861716026e-16,5.018749260433806e-07,5.13904323034564e-07,4.273654900444897e-07,3.4813411496234296e-07,2.760929974884048e-07,2.0276900081198633e-07,1.2842546467216697e-07,6.912689743046587e-08,2.309828381045876e-08
4.3801465259030973e-16,5.030077626340994e-07,5.151258266098249e-07,4.284891318043992e-07,3.491627895400184e-07,2.7703062305247705e-07,2.03906667507511e-07,1.2934688889152154e-07,6.985426700193531e-08,2.3654573745351246e-08
4.3971757629345186e-16,5.041419193153267e-07,5.163486036767174e-07,4.2961401204898025e-07,3.501926647578632e-07,2.7796941340482064e-07,2.050474053982961e-07,1.3027111744602324e-07,7.058414616404682e-08,2.4213067593732282e-08
4.414252663525072e-16,5.052773963076727e-07,5.175726545429916e-07,4.307401311230291e-07,3.5122374099899326e-07,2.7890936898335256e-07,2.0619121750078657e-07,1.311981538711155e-07,7.131653878135604e-08,2.477376930211314e-08
4.431377318495218e-16,5.064141938312558e-07,5.18797979515769e-07,4.3186748937066735e-07,3.5225601864581107e-07,2.798504902252672e-07,2.0733810682276126e-07,1.321280016948796e-07,7.205144871379669e-08,2.533668281560851e-08
4.448549818771149e-16,5.075523121057037e-07,5.200245789015459e-07,4.3299608713534413e-07,3.5328949808000696e-07,2.807927775670369e-07,2.0848807636333276e-07,1.330606644380091e-07,7.27888798166365e-08,2.59018120778894e-08
4.465770255384842e-16,5.086917513501554e-07,5.212524530061925e-07,4.3412592475983643e-07,3.543241796825599e-07,2.817362314444128e-07,2.0964112911294725e-07,1.3399614561378448e-07,7.352883594043399e-08,2.6469161031135974e-08
4.483038719474125e-16,5.098325117832623e-07,5.224816021349553e-07,4.352570025862498e-07,3.553600638337307e-07,2.8268085229242543e-07,2.1079726805338465e-07,1.3493444872804813e-07,7.427132093099461e-08,2.7038733615990307e-08
4.500355302282718e-16,5.109745936231885e-07,5.237120265924573e-07,4.363893209560196e-07,3.5639715091291493e-07,2.836266405453851e-07,2.1195649615775922e-07,1.3587557727917978e-07,7.501633862932785e-08,2.7610533771509192e-08
4.5177200951603e-16,5.121179970876136e-07,5.249437266826995e-07,4.3752288020991174e-07,3.574354412989345e-07,2.8457359663688294e-07,2.131188163905207e-07,1.368195347580719e-07,7.576389287160395e-08,2.8184565435117014e-08
4.535133189562539e-16,5.132627223937325e-07,5.261767027090606e-07,4.386576806880241e-07,3.5847493536992995e-07,2.855217209997914e-07,2.1428423170745508e-07,1.377663246481062e-07,7.65139874891114e-08,2.8760832542558426e-08
4.552594677051211e-16,5.144087697582572e-07,5.274109549742997e-07,4.3979372272978664e-07,3.5951563350324813e-07,2.8647101406626484e-07,2.1545274505568635e-07,1.387159504251299e-07,7.726662630821409e-08,2.933933902785128e-08
4.570104649294194e-16,5.155561393974189e-07,5.286464837805568e-07,4.4093100667396317e-07,3.6055753607560526e-07,2.8742147626774047e-07,2.166243593736787e-07,1.3966841555743238e-07,7.802181315030898e-08,2.99200888232393e-08
4.587663198065548e-16,5.167048315269674e-07,5.298832894293525e-07,4.420695328586517e-07,3.616006434630225e-07,2.8837310803493935e-07,2.177990775912379e-07,1.4062372350572264e-07,7.877955183178399e-08,3.0503085859144965e-08
4.605270415245561e-16,5.178548463621743e-07,5.311213722215909e-07,4.432093016212861e-07,3.6264495604081645e-07,2.893259097978657e-07,2.1897690262951418e-07,1.4158187772310658e-07,7.953984616397608e-08,3.108833406412227e-08
4.622926392820821e-16,5.190061841178327e-07,5.323607324575587e-07,4.443503132986358e-07,3.636904741835996e-07,2.9027988198580915e-07,2.2015783740100522e-07,1.4254288165506497e-07,8.030269995312938e-08,3.167583736480955e-08
4.640631222884259e-16,5.201588450082592e-07,5.336013704369279e-07,4.454925682268081e-07,3.647371982652816e-07,2.912350250273444e-07,2.2134188480955894e-07,1.4350673873943186e-07,8.106811700035382e-08,3.2265599685882335e-08
4.658384997635208e-16,5.213128292472944e-07,5.348432864587555e-07,4.466360667412479e-07,3.657851286590701e-07,2.921913393503325e-07,2.225290477503769e-07,1.4447345240637284e-07,8.183610110158376e-08,3.285762495000619e-08
4.676187809379454e-16,5.224681370483051e-07,5.360864808214852e-07,4.4778080917673954e-07,3.668342657374709e-07,2.9314882538192125e-07,2.2371932911001814e-07,1.4544302607836437e-07,8.260665604753695e-08,3.3451917077789564e-08
4.694039750529301e-16,5.236247686241853e-07,5.373309538229484e-07,4.4892679586740706e-07,3.6788460987228996e-07,2.941074835485458e-07,2.2491273176640282e-07,1.4641546317017283e-07,8.337978562367392e-08,3.404847998773671e-08
4.711940913603623e-16,5.247827241873561e-07,5.385767057603644e-07,4.500740271467159e-07,3.6893616143463316e-07,2.950673142759295e-07,2.2610925858881677e-07,1.4739076708883478e-07,8.4155493610157e-08,3.4647317596200635e-08
4.729891391227917e-16,5.259420039497689e-07,5.398237369303425e-07,4.512225033474732e-07,3.699889207949085e-07,2.960283179890845e-07,2.273089124379162e-07,1.4836894123363632e-07,8.493378378181042e-08,3.5248433817335894e-08
4.747891276134349e-16,5.271026081229046e-07,5.410720476288813e-07,4.5237222480182875e-07,3.7104288832282497e-07,2.9699049511231266e-07,2.2851169616573196e-07,1.4934998899609394e-07,8.571465990807981e-08,3.585183256305173e-08
4.765940661161828e-16,5.28264536917777e-07,5.42321638151372e-07,4.5352319184127633e-07,3.7209806438739536e-07,2.9795384606920595e-07,2.2971761261567576e-07,1.5033391375993546e-07,8.649812575299262e-08,3.645751774296508e-08
4.784039639256073e-16,5.294277905449313e-07,5.435725087925975e-07,4.5467540479665465e-07,3.7315444935693584e-07,2.989183712826473e-07,2.3092666462254424e-07,1.5132071890108092e-07,8.728418507511847e-08,3.706549326435346e-08
4.802188303469629e-16,5.305923692144477e-07,5.44824659846734e-07,4.558288639981475e-07,3.7421204359906766e-07,2.9988407117481135e-07,2.3213885501252562e-07,1.5231040778762397e-07,8.807284162752959e-08,3.767576303210819e-08,3.135524886855221e-11
4.820386746878338e-16,5.317582731147466e-07,5.460780915760715e-07,4.5698356974572917e-07,3.752708474510381e-07,3.0085094613480253e-07,2.3335418656112105e-07,1.5330298374667593e-07,8.88640991303072e-08,3.828833095846971e-08,3.1903601939184776e-11
4.838450980737639e-16,5.327509177599245e-07,5.473326870344868e-07,4.5813952247252274e-07,3.763308614724189e-07,3.018187813687565e-07,2.3426160424687858e-07,1.5429826094635353e-07,8.965796126769053e-08,3.890341098287504e-08,4.506906820595784e-10
4.856384645168759e-16,5.337317699595319e-07,5.485884790612736e-07,4.5929672216913386e-07,3.77392085363052e-07,3.0278763352761853e-07,2.3514180288910896e-07,1.5529629386165546e-07,9.045443196389945e-08,3.952094663789783e-08,8.971826304710341e-10
4.8743613268989045e-16,5.347183964588242e-07,5.498455486018991e-07,4.604551693683102e-07,3.7845451987516994e-07,3.037576453681544e-07,2.3602316911962366e-07,1.562972100200035e-07,9.125351485823722e-08,4.014080528591211e-08,1.3466814905116128e-09
4.892393614561696e-16,5.35710806626387e-07,5.511039037449108e-07,4.616148644542316e-07,3.79518165474684e-07,3.047288297195859e-07,2.3690567061202875e-07,1.573010223913971e-07,9.20552136646101e-08,4.0762982060857114e-08,1.7991592327735063e-09
4.910481866325189e-16,5.36709021803827e-07,5.523635448281418e-07,4.627758077565983e-07,3.805830225305152e-07,3.0570118695806214e-07,2.3778930785264487e-07,1.5830773424973028e-07,9.285953210211367e-08,4.138748086933173e-08,2.2545704039647202e-09
4.928626289373515e-16,5.377130635532455e-07,5.536244721974254e-07,4.639379996011753e-07,3.816490914054281e-07,3.0667471748475785e-07,2.386740812960824e-07,1.5931734888378723e-07,9.36664738843017e-08,4.2014305598281046e-08,2.712874630369241e-09
4.946827092166992e-16,5.387229536539854e-07,5.54886686198453e-07,4.6510144031308454e-07,3.827163724615134e-07,3.07649421700093e-07,2.3955999139626396e-07,1.603298695742996e-07,9.447604271893114e-08,4.264346013400189e-08,3.1740340348268818e-09
4.965084484375124e-16,5.397387141030383e-07,5.561501871767731e-07,4.6626613021680306e-07,3.837848660601735e-07,3.0862530000376594e-07,2.4044703860638767e-07,1.6134529959396808e-07,9.528824230792192e-08,4.327494836101469e-08,3.63801290127768e-09
4.983398676884141e-16,5.407603671154545e-07,5.574149754777968e-07,4.674320696361641e-07,3.8485457256212476e-07,3.0960235279475357e-07,2.413352233789284e-07,1.6236364220744772e-07,9.610307634731956e-08,4.390877416191952e-08,4.104777192047489e-09
5.001769881804647e-16,5.41787935124763e-07,5.586810514468019e-07,4.6859925889435854e-07,3.859254923273976e-07,3.105805804713132e-07,2.422245461656378e-07,1.6338490067133397e-07,9.692054852726896e-08,4.454494140807223e-08,4.574278459965047e-09
5.020198312479194e-16,5.428214407834053e-07,5.59948415428936e-07,4.6976769831393526e-07,3.8699762571533745e-07,3.115599834309821e-07,2.4311500741754496e-07,1.644090782341485e-07,9.774066253193871e-08,4.5183453968312604e-08,5.04647963773273e-09
5.038684183490062e-16,5.438609069631793e-07,5.612170677692227e-07,4.7093738821680243e-07,3.8807097308460603e-07,3.12540562070579e-07,2.4400660758495714e-07,1.6543617813632578e-07,9.856342203952367e-08,4.5824315714277545e-08,5.521347973685201e-09
5.05722771066704e-16,5.449063567556963e-07,5.624870088125633e-07,4.7210832892422833e-07,3.891455347931823e-07,3.1352231678620497e-07,2.4489934711745995e-07,1.6646620361019978e-07,9.938883072220475e-08,4.6467530516379666e-08,5.998852373176332e-09
5.075829111095323e-16,5.459578134728524e-07,5.637582389037429e-07,4.732805207568428e-07,3.9022131119836246e-07,3.145052479732434e-07,2.4579322646391887e-07,1.6749915787999123e-07,1.002168922461092e-07,4.711310224271281e-08,6.478963167755702e-09
5.09448860312333e-16,5.470153006473072e-07,5.650307583874338e-07,4.744539640346372e-07,3.9129830265676155e-07,3.154893560263617e-07,2.4668824607247906e-07,1.685350441617955e-07,1.0104761027127476e-07,4.776103475891249e-08,6.961652021542676e-09
5.113206406370985e-16,5.480788420329799e-07,5.663045676081994e-07,4.7562865907696606e-07,3.923765095243147e-07,3.164746413395115e-07,2.4758440639056577e-07,1.6957386566356968e-07,1.0188098845161481e-07,4.8411331928067834e-08,7.446891845213855e-09
5.131982741737518e-16,5.491484616055538e-07,5.675796669104997e-07,4.768046062025484e-07,3.934559321562766e-07,3.174611043059297e-07,2.4848170786488555e-07,1.7061562558512137e-07,1.027170304348841e-07,4.9063997610636895e-08,7.934656716994893e-09
5.150817831409545e-16,5.502241835629945e-07,5.68856056638694e-07,4.779818057294673e-07,3.9453657090722415e-07,3.1844874531813917e-07,2.493801509414267e-07,1.7166032711809737e-07,1.035557398626439e-07,4.9719035664365234e-08,8.4249218099725e-09
5.169711898869595e-16,5.513060323260798e-07,5.701337371370464e-07,4.791602579751726e-07,3.9561842613105595e-07,3.194375647679498e-07,2.502797360654599e-07,1.727079734459724e-07,1.0439712037022872e-07,5.037644994420743e-08,8.917663325120381e-09
5.188665168904132e-16,5.523940325389408e-07,5.714127087497296e-07,4.803399632564803e-07,3.96701498180994e-07,3.2042756304645845e-07,2.511804636815384e-07,1.7375856774403843e-07,1.0524117558671219e-07,5.1036244302251365e-08,9.412858429500934e-09
5.207677867611929e-16,5.534882090696158e-07,5.726929718208294e-07,4.815209218895747e-07,3.977857874095841e-07,3.214187405440509e-07,2.5208233423349905e-07,1.7481211317939425e-07,1.0608790913487387e-07,5.169842258764482e-08,9.910485199163323e-09
5.226750222412427e-16,5.545885870106143e-07,5.739745266943499e-07,4.827031341900086e-07,3.98871294168697e-07,3.224110976504018e-07,2.5298534816446283e-07,1.7586861291093586e-07,1.0693732463116613e-07,5.2362988646524387e-08,1.041052256631045e-08
5.245882462054092e-16,5.556951916794944e-07,5.752573737142166e-07,4.838866004727043e-07,3.999580188095292e-07,3.234046347544756e-07,2.5388950591683525e-07,1.7692807008934617e-07,1.0778942568557013e-07,5.302994632194625e-08,1.0912950270352703e-08
5.2650748166234e-16,5.568080486194481e-07,5.765415132242811e-07,4.850713210519557e-07,4.0104596168260423e-07,3.2439935224452777e-07,2.5479480793230713e-07,1.7799048785708624e-07,1.086442159015156e-07,5.369929945359482e-08,1.1417748812505897e-08
5.284327517553032e-16,5.579271835999031e-07,5.778269455683266e-07,4.862572962414266e-07,4.021351231377726e-07,3.253952505081051e-07,2.5570125465185526e-07,1.7905586934838612e-07,1.0950169887623927e-07,5.437105187798513e-08,1.192489941362693e-08
5.303640797630643e-16,5.590526226171297e-07,5.791136710900719e-07,4.874445263541552e-07,4.0322550352421353e-07,3.263923299320465e-07,2.566088465157429e-07,1.8012421768923621e-07,1.1036187820018799e-07,5.504520742847957e-08,1.243438397501072e-08
5.32301489100764e-16,5.60184391894864e-07,5.804016901331759e-07,4.886330117025523e-07,4.043171031904356e-07,3.2739059090248443e-07,2.5751758396352053e-07,1.8119553599737908e-07,1.1122475745732901e-07,5.572176993511952e-08,1.2946185041899297e-08
5.342450033207613e-16,5.61322517884937e-07,5.816910030412419e-07,4.898227525984031e-07,4.054099224842774e-07,3.283900338048447e-07,2.5842746743402613e-07,1.8226982738230164e-07,1.1209034022536857e-07,5.640074322454521e-08,1.3460285769479174e-08
5.361946461136255e-16,5.624670272679184e-07,5.829816101578223e-07,4.910137493528686e-07,4.0650396175290913e-07,3.293906590238483e-07,2.5933849736538634e-07,1.833470949450627e-07,1.1295863007550176e-07,5.708213111993574e-08,1.3976669891164294e-08
5.381504413088737e-16,5.636179469537681e-07,5.842735118264237e-07,4.92206002276454e-07,4.0759922134452213e-07,3.303924671075102e-07,2.6025047214146184e-07,1.8413237875063154e-07,1.1356020101578447e-07,5.7521169041018815e-08,1.4274203153010511e-08
5.401124128760697e-16,5.647753040824998e-07,5.855667083905116e-07,4.933995116790849e-07,4.0869570160333545e-07,3.3139545779792923e-07,2.611634449855141e-07,1.848933174384639e-07,1.1414165869419786e-07,5.794373071653573e-08,1.4558239323550352e-08
5.420805849255964e-16,5.659391260248532e-07,5.868612001935153e-07,4.945942778700723e-07,4.097934028740591e-07,3.3239963184782754e-07,2.620775501789072e-07,1.8565539885043034e-07,1.1472420136387686e-07,5.836729355124346e-08,1.4843155591879696e-08
5.44054981709591e-16,5.671094403829781e-07,5.881569875788315e-07,4.957903011580902e-07,4.1089232550152954e-07,3.3340498973450557e-07,2.6299279964563407e-07,1.8641860001832135e-07,1.153078158427518e-07,5.879184547801437e-08,1.5128933898479056e-08
5.460356276228815e-16,5.68286274991126e-07,5.894540708898307e-07,4.969875818511915e-07,4.1199246982964387e-07,3.344115318441396e-07,2.639091937824518e-07,1.8718292136068235e-07,1.1589250260444023e-07,5.9217387110922407e-08,1.5415571148209662e-08
5.480225472038783e-16,5.694696579163537e-07,5.907524504698606e-07,4.981861202568096e-07,4.1309383620157965e-07,3.354192585571781e-07,2.648267330078719e-07,1.8794836327728931e-07,1.1647826211958732e-07,5.96439190562995e-08,1.5703064325028762e-08
5.500157651356251e-16,5.706596174592348e-07,5.920521266622513e-07,4.993859166817599e-07,4.1419642495984936e-07,3.364281702533833e-07,2.6574541773927416e-07,1.8871492616738464e-07,1.1706509485807533e-07,6.007144191959025e-08,1.5991410503851185e-08
5.520153062459641e-16,5.718561821540908e-07,5.933530998095986e-07,5.005869714313392e-07,4.153002364453948e-07,3.3743826731048516e-07,2.666652483922404e-07,1.894826104289346e-07,1.176530012883762e-07,6.049995635239918e-08,1.6280633065178253e-08
5.540206799218169e-16,5.730545603358212e-07,5.946553669366581e-07,5.017892848130992e-07,4.164052709992302e-07,3.3844955010659886e-07,2.6758622538280483e-07,1.9025141645994831e-07,1.1824198187888339e-07,6.092946299335381e-08,1.6570742262341503e-08
5.56031390682977e-16,5.742542796700605e-07,5.959589258865916e-07,5.029928571245249e-07,4.1751152896182303e-07,3.394620190193378e-07,2.6850834912640104e-07,1.9102134465798324e-07,1.1883203709722009e-07,6.135996244985837e-08,1.6861738827499297e-08
5.580474140571004e-16,5.75455340630477e-07,5.972637767135304e-07,5.041976886681017e-07,4.1861901067297623e-07,3.404756744256192e-07,2.6943162003780414e-07,1.9179239542004198e-07,1.1942316741023684e-07,6.179145532632141e-08,1.715362348686211e-08
5.600687592991969e-16,5.766577433939369e-07,5.98569919687246e-07,5.054037797472849e-07,4.1972771647184096e-07,3.4149051670166424e-07,2.703560385310765e-07,1.9256456914257312e-07,1.2001537328403117e-07,6.222394222623639e-08,1.7446396965844145e-08
5.620954360905261e-16,5.77861488136729e-07,5.998773550767425e-07,5.066111306650086e-07,4.20837646696912e-07,3.425065462229987e-07,2.712816050195522e-07,1.9333786622147116e-07,1.206086551839493e-07,6.265742375218055e-08,1.774005998905814e-08
5.641274541229882e-16,5.790665750347096e-07,6.011860831504599e-07,5.07819741723594e-07,4.2194880168602795e-07,3.4352376336445434e-07,2.7220831991581506e-07,1.9411228705207656e-07,1.2120301357458678e-07,6.309190050581466e-08,1.8034613280313717e-08
5.661648230993708e-16,5.802730042633045e-07,6.024961041762751e-07,5.09029613224751e-07,4.230611817763715e-07,3.445421685001688e-07,2.731361836317526e-07,1.9488783202917612e-07,1.2179844891978919e-07,6.352737308788298e-08,1.8330057562615626e-08
5.682075527333396e-16,5.814807759975094e-07,6.038074184215032e-07,5.102407454695785e-07,4.2417478730447147e-07,3.455617620035871e-07,2.7406519657853156e-07,1.956645015470031e-07,1.223949616826529e-07,6.396384209821305e-08,1.8626393558162046e-08
5.702556527494464e-16,5.826898904118914e-07,6.051200261528985e-07,5.114531387585666e-07,4.252896186062028e-07,3.465825442474624e-07,2.749953591665968e-07,1.9644229599923706e-07,1.2299255232552573e-07,6.440130813571551e-08,1.892362198834278e-08
5.72309132883132e-16,5.839003476805906e-07,6.064339276366546e-07,5.126667933915959e-07,4.264056760167876e-07,3.4760451560385644e-07,2.7592667180567143e-07,1.9722121577900413e-07,1.235912213100076e-07,6.483977179838393e-08,1.9221743573737567e-08
5.7436800288073905e-16,5.851121479773215e-07,6.07749123138406e-07,5.138817096679394e-07,4.275229598707956e-07,3.486276764441408e-07,2.768591349047581e-07,1.9800126127887696e-07,1.2419096909695123e-07,6.52792336832948e-08,1.952075903411432e-08
5.764322724994967e-16,5.863252914753742e-07,6.090656129232292e-07,5.150978878862623e-07,4.286414705021459e-07,3.496520271389971e-07,2.777927488721389e-07,1.9878243289087491e-07,1.2479179614646285e-07,6.571969438660722e-08,1.982066908842745e-08
5.785019515075507e-16,5.875397783476163e-07,6.103833972556434e-07,5.163153283446257e-07,4.2976120824410726e-07,3.5067756805841873e-07,2.787275141153771e-07,1.995647310064642e-07,1.253937029179028e-07,6.616115450356294e-08,2.01214744548161e-08
5.805770496839455e-16,5.887556087664927e-07,6.117024763996108e-07,5.17534031340484e-07,4.3088217342929927e-07,3.5170429957171096e-07,2.7966343104131706e-07,2.0034815601655756e-07,1.2599668986988642e-07,6.660361462848619e-08,2.0423175850602466e-08
5.826575768186621e-16,5.899727829040293e-07,6.130228506185387e-07,5.187539971706875e-07,4.3200436638969287e-07,3.5273222204749205e-07,2.806005000560853e-07,2.0113270831151503e-07,1.2660075746028432e-07,6.704707535478341e-08,2.0725773992290154e-08
5.847435427125963e-16,5.911913009318321e-07,6.143445201752789e-07,5.199752261314844e-07,4.331277874566116e-07,3.537613358536938e-07,2.815387215650911e-07,2.0191838828114368e-07,1.2720590614622368e-07,6.749153727494349e-08,2.102926959556243e-08
5.868349571775719e-16,5.924111630210906e-07,6.156674853321305e-07,5.211977185185194e-07,4.3425243696073236e-07,3.547916413575627e-07,2.8247809597302735e-07,2.027051963146976e-07,1.2781213638408844e-07,6.793700098053751e-08,2.1333663375280623e-08
5.889318300363482e-16,5.936323693425769e-07,6.169917463508388e-07,5.224214746268364e-07,4.353783152320861e-07,3.558231389256608e-07,2.834186236838716e-07,2.0349313280087819e-07,1.2841944862952017e-07,6.838346706221842e-08,2.1638956045482392e-08
5.91034171122625e-16,5.948549200666496e-07,6.183173034925981e-07,5.236464947508792e-07,4.3650542260005905e-07,3.5685582892386634e-07,2.8436030510088626e-07,2.0428219812783422e-07,1.290278433374189e-07,6.883093610972156e-08,2.1945148319380175e-08
5.931419902810461e-16,5.960788153632526e-07,6.196441570180515e-07,5.248727791844907e-07,4.376337593933936e-07,3.5788971171737427e-07,2.8530314062661915e-07,2.0507239268316203e-07,1.2963732096194364e-07,6.927940871186404e-08,2.2252240909359488e-08
5.952552973672074e-16,5.973040554019183e-07,6.209723071872919e-07,5.261003282209168e-07,4.387633259401886e-07,3.589247876706978e-07,2.8624713066290496e-07,2.0586371685390545e-07,1.302478819565132e-07,6.9728885456545e-08,2.2560234526977283e-08
5.973741022476601e-16,5.985306403517682e-07,6.223017542598634e-07,5.273291421528047e-07,4.3989412256790094e-07,3.599610571476688e-07,2.871922756108655e-07,2.066561710265559e-07,1.3085952677380692e-07,7.017936693074544e-08,2.28691298829604e-08
5.994984147999195e-16,5.997585703815136e-07,6.236324984947618e-07,5.285592212722054e-07,4.410261496033465e-07,3.609985205114384e-07,2.881385758709107e-07,2.0744975558705279e-07,1.3147225586576513e-07,7.063085372052837e-08,2.3178927687203913e-08
6.01628244912469e-16,6.00987845659458e-07,6.249645401504357e-07,5.297905658705742e-07,4.421594073727001e-07,3.620371781244783e-07,2.8908603184273887e-07,2.0824447092078334e-07,1.320860696835902e-07,7.108334641103846e-08,2.3489628648769574e-08
6.037636024847624e-16,6.02218466353498e-07,6.262978794847876e-07,5.310231762387709e-07,4.4329389620149796e-07,3.630770303485816e-07,2.9003464392533814e-07,2.090403174125829e-07,1.327009686777471e-07,7.153684558650242e-08,2.3801233475884187e-08
6.059044974272359e-16,6.034504326311242e-07,6.276325167551743e-07,5.322570526670623e-07,4.4442961641463666e-07,3.6411807754486344e-07,2.909844125169862e-07,2.0983729544673474e-07,1.333169532979642e-07,7.199135183022881e-08,2.411374287593807e-08
6.080509396613079e-16,6.046837446594234e-07,6.289684522184083e-07,5.33492195445121e-07,4.4556656833637555e-07,3.6516032007376134e-07,2.9193533801525245e-07,2.1063540540697074e-07,1.3393402399323395e-07,7.244686572460787e-08,2.4427157555483474e-08
6.1020293911939e-16,6.059184026050785e-07,6.303056861307589e-07,5.347286048620285e-07,4.467047522903375e-07,3.6620375829503694e-07,2.928874208169972e-07,2.1143464767647106e-07,1.3455218121181326e-07,7.2903387851112e-08,2.4741478220233066e-08
6.123605057448839e-16,6.071544066343709e-07,6.31644218747952e-07,5.359662812062754e-07,4.4784416859950927e-07,3.6724839256777614e-07,2.938406613183736e-07,2.122350226378642e-07,1.3517142540122502e-07,7.336091879029536e-08,2.5056705575058333e-08
6.145236494921981e-16,6.083917569131815e-07,6.329840503251726e-07,5.372052247657609e-07,4.4898481758624213e-07,3.682942232503904e-07,2.947950599148275e-07,2.1303653067322752e-07,1.3579175700825806e-07,7.381945912179406e-08,2.537284032398812e-08
6.166923803267452e-16,6.096304536069918e-07,6.343251811170651e-07,5.384454358277962e-07,4.501266995722537e-07,3.6934125070061756e-07,2.957506170010988e-07,2.1383917216408717e-07,1.3641317647896825e-07,7.427900942432632e-08,2.5689883170207078e-08
6.188667082249502e-16,6.108704968808851e-07,6.356676113777333e-07,5.396869146791032e-07,4.5126981487862844e-07,3.703894752755223e-07,2.967073329712225e-07,2.146429474914181e-07,1.3703568425867915e-07,7.473957027569233e-08,2.600783481605411e-08
6.210466431742486e-16,6.121118868995483e-07,6.370113413607425e-07,5.409296616058169e-07,4.5241416382581813e-07,3.7143889733149706e-07,2.97665208218528e-07,2.1544785703564447e-07,1.3765928079198267e-07,7.520114225277442e-08,2.6326695963020977e-08
6.232321951731162e-16,6.133546238272717e-07,6.383563713191201e-07,5.421736768934858e-07,4.535597467336432e-07,3.724895172242631e-07,2.986242431356415e-07,2.1625390117663952e-07,1.382839665227401e-07,7.566372593153714e-08,2.664646731175074e-08
6.254233742310482e-16,6.145987078279526e-07,6.397027015053564e-07,5.434189608270731e-07,4.547065639212941e-07,3.735413353088714e-07,2.9958443811448586e-07,2.170610802937257e-07,1.3890974189408254e-07,7.612732188702727e-08,2.6967149562036305e-08
6.2762019036859e-16,6.158441390650939e-07,6.410503321714053e-07,5.446655136909566e-07,4.5585461570733107e-07,3.745943519397034e-07,3.0054579354628094e-07,2.1786939476567538e-07,1.3953660734841156e-07,7.659193069337405e-08,2.7288743412818955e-08
6.298226536172913e-16,6.170909177018077e-07,6.423992635686858e-07,5.459133357689316e-07,4.570039024096863e-07,3.756485674704715e-07,3.0150830982154584e-07,2.1867884497071017e-07,1.401645633274005e-07,7.705755292378916e-08,2.7611249562186916e-08
6.320307740197756e-16,6.183390439008144e-07,6.437494959480829e-07,5.471624273442094e-07,4.5815442434566336e-07,3.7670398225422034e-07,3.0247198733009794e-07,2.1948943128650158e-07,1.4079361027199459e-07,7.752418915056687e-08,2.7934668707373842e-08
6.342445616297229e-16,6.195885178244459e-07,6.451010295599471e-07,5.484127886994204e-07,4.5930618183193937e-07,3.7776059664332735e-07,3.0343682646105485e-07,2.203011540901708e-07,1.4142374862241206e-07,7.799183994508406e-08,2.8259001544757503e-08
6.36464026511841e-16,6.20839339634645e-07,6.464538646540978e-07,5.496644201166141e-07,4.604591751845657e-07,3.788184109895038e-07,3.044028276028346e-07,2.2111401375828936e-07,1.4205497881814463e-07,7.846050587780047e-08,2.858424876985826e-08
6.386891787419258e-16,6.22091509492968e-07,6.47808001479822e-07,5.509173218772597e-07,4.6161340471896826e-07,3.7987742564379577e-07,3.053699911431564e-07,2.2192801066687892e-07,1.426873012979586e-07,7.893018751825896e-08,2.8910411077337732e-08
6.409200284068431e-16,6.233450275605849e-07,6.491634402858765e-07,5.52171494262247e-07,4.6276887074994893e-07,3.809376409565845e-07,3.063383174690418e-07,2.2274314519141165e-07,1.4332071649989533e-07,7.940088543508539e-08,2.9237489160997345e-08
6.431565856045156e-16,6.245998939982812e-07,6.50520181320488e-07,5.534269375518889e-07,4.639255735916864e-07,3.8199905727758786e-07,3.073078069668151e-07,2.2355941770680998e-07,1.4395522486127206e-07,7.987260019598881e-08,2.9565483713776975e-08
6.453988604439494e-16,6.258561089664589e-07,6.518782248313547e-07,5.546836520259202e-07,4.650835135577367e-07,3.830616749558607e-07,3.08278460022104e-07,2.2437682858744735e-07,1.445908268186828e-07,8.034533236776178e-08,2.989439542775353e-08
6.476468630452396e-16,6.271136726251376e-07,6.532375710656467e-07,5.559416379634997e-07,4.66242690961035e-07,3.8412549433979563e-07,3.0925027701984073e-07,2.2519537820714767e-07,1.452275228079988e-07,8.081908251628045e-08,3.022422499413966e-08
6.499006035395683e-16,6.283725851339558e-07,6.545982202700073e-07,5.57200895643211e-07,4.674031061138953e-07,3.851905157771247e-07,3.1022325834426235e-07,2.2601506693918624e-07,1.4586531326436974e-07,8.129385120650476e-08,3.0554973103282293e-08
6.521600920692174e-16,6.296328466521712e-07,6.559601726905532e-07,5.584614253430637e-07,4.685647593280121e-07,3.862567396149191e-07,3.111974043789118e-07,2.2683589515628935e-07,1.4650419862222395e-07,8.17696390024786e-08,3.088664044466142e-08
6.544253387875677e-16,6.308944573386641e-07,6.573234285728769e-07,5.597232273404928e-07,4.697276509144615e-07,3.873241661995909e-07,3.1217271550663896e-07,2.2765786323063465e-07,1.4714417931526976e-07,8.224644646732995e-08,3.1219227706888665e-08
6.566963538591088e-16,6.32157417351936e-07,6.58687988162046e-07,5.609863019123617e-07,4.708917811837016e-07,3.883927958768934e-07,3.1314919210960093e-07,2.2848097153385148e-07,1.4778525577649577e-07,8.272427416327123e-08,3.155273557770599e-08
6.589731474594399e-16,6.334217268501119e-07,6.60053851702605e-07,5.622506493349626e-07,4.7205715044557336e-07,3.8946262899192227e-07,3.1412683456926223e-07,2.2930522043702057e-07,1.4842742843817186e-07,8.320312265159946e-08,3.188716474398438e-08
6.612557297752827e-16,6.346873859909416e-07,6.61421019438576e-07,5.635162698840159e-07,4.7322375900930193e-07,3.9053366588911614e-07,3.151056432663974e-07,2.3013061031067466e-07,1.4907069773185008e-07,8.368299249269637e-08,3.2222515891722595e-08
6.635441110044783e-16,6.359543949318009e-07,6.62789491613459e-07,5.647831638346731e-07,4.7439160718349736e-07,3.9160590691225763e-07,3.1608561858108997e-07,2.309571415247989e-07,1.4971506408836505e-07,8.41638842460289e-08,3.2558789706045805e-08
6.658383013559999e-16,6.372227538296915e-07,6.641592684702341e-07,5.660513314615169e-07,4.755606952761554e-07,3.9267935240447435e-07,3.1706676089273383e-07,2.3178481444883005e-07,1.5036052793783505e-07,8.464579847014906e-08,3.289598687120435e-08
6.681383110499552e-16,6.384924628412436e-07,6.655303502513613e-07,5.673207730385617e-07,4.7673102359465865e-07,3.9375400270823945e-07,3.1804907058003454e-07,2.3261362945165782e-07,1.5100708970966284e-07,8.512873572269445e-08,3.323410807057249e-08
6.7044415031759e-16,6.397635221227166e-07,6.669027371987821e-07,5.685914888392547e-07,4.779025924457771e-07,3.9482985816537245e-07,3.1903254802100896e-07,2.3344358690162405e-07,1.516547498325361e-07,8.56126965603884e-08,3.35731539866471e-08
6.727558294012994e-16,6.410359318299998e-07,6.682764295539198e-07,5.698634791364779e-07,4.790754021356695e-07,3.959069191170403e-07,3.20017193592987e-07,2.342746871665237e-07,1.523035087344283e-07,8.609768153904043e-08,3.39131253010465e-08
6.750733585546372e-16,6.423096921186137e-07,6.696514275576806e-07,5.711367442025478e-07,4.802494529698841e-07,3.9698518590375823e-07,3.210030076726123e-07,2.3510693061360464e-07,1.5295336684260006e-07,8.658369121354621e-08,3.425402269450912e-08
6.773967480422945e-16,6.435848031437112e-07,6.710277314504551e-07,5.724112843092169e-07,4.814247452533589e-07,3.980646588653908e-07,3.219899906358423e-07,2.359403176095679e-07,1.536043245835989e-07,8.707072613788812e-08,3.459584684689239e-08
6.797260081401329e-16,6.448612650600789e-07,6.724053414721183e-07,5.736870997276734e-07,4.826012792904237e-07,3.991453383411518e-07,3.2297814285794986e-07,2.3677484852056766e-07,1.54256382383261e-07,8.755878686513531e-08,3.4938598437171456e-08
6.820611491351898e-16,6.461390780221376e-07,6.737842578620307e-07,5.749641907285445e-07,4.837790553848004e-07,4.002272246696065e-07,3.2396746471352305e-07,2.3761052371221197e-07,1.5490954066671136e-07,8.804787394744415e-08,3.528227814343797e-08
6.844021813256708e-16,6.474182421839432e-07,6.751644808590394e-07,5.762425575818954e-07,4.849580738396037e-07,4.0131031818867153e-07,3.2495795657646714e-07,2.3844734354956246e-07,1.5556379985836478e-07,8.853798793605852e-08,3.5626886642898975e-08
6.867491150209705e-16,6.486987576991898e-07,6.7654601070148e-07,5.775222005572308e-07,4.861383349573426e-07,4.0239461923561594e-07,3.2594961882000446e-07,2.392853083971345e-07,1.5621916038192676e-07,8.902912938131008e-08,3.597242461187565e-08
6.891019605416375e-16,6.499806247212074e-07,6.779288476271749e-07,5.788031199234957e-07,4.873198390399209e-07,4.034801281470624e-07,3.2694245181667554e-07,2.401244186188982e-07,1.5687562266039423e-07,8.952129883261857e-08,3.6318892725802245e-08
6.914607282194478e-16,6.512638434029662e-07,6.793129918734368e-07,5.800853159490769e-07,4.885025863886377e-07,4.0456684525898775e-07,3.2793645593833983e-07,2.409646745782776e-07,1.5753318711605622e-07,9.001449683849213e-08,3.6666291659224755e-08
6.938254283973578e-16,6.525484138970756e-07,6.806984436770684e-07,5.813687889018028e-07,4.896865773041894e-07,4.0565477090672355e-07,3.289316315561763e-07,2.4180607663815115e-07,1.5819185417049462e-07,9.050872394652779e-08,3.701462208579991e-08
6.961960714295273e-16,6.538343363557857e-07,6.820852032743627e-07,5.826535390489453e-07,4.908718120866694e-07,4.0674390542495773e-07,3.2992797904068476e-07,2.4264862516085236e-07,1.588516242445853e-07,9.100398070341167e-08,3.7363884678294064e-08
6.985726676813211e-16,6.551216109309893e-07,6.83473270901106e-07,5.839395666572204e-07,4.920582910355704e-07,4.0783424914773464e-07,3.3092549876168574e-07,2.4349232050816955e-07,1.5951249775849866e-07,9.150026765491927e-08,3.771408010858195e-08
7.009552275293185e-16,6.564102377742213e-07,6.848626467925763e-07,5.852268719927896e-07,4.93246014449784e-07,4.0892580240845677e-07,3.319241910883223e-07,2.4433716304134655e-07,1.601744751317003e-07,9.199758534591608e-08,3.806520904764571e-08
7.033437613613148e-16,6.577002170366615e-07,6.862533311835459e-07,5.865154553212592e-07,4.944349826276019e-07,4.1001856553988477e-07,3.329240563890597e-07,2.451831531210822e-07,1.6083755678295224e-07,9.249593432035765e-08,3.84172721655737e-08
7.057382795763312e-16,6.589915488691342e-07,6.876453243082814e-07,5.878053169076833e-07,4.956251958667171e-07,4.1111253887413867e-07,3.339250950316873e-07,2.4603029110753103e-07,1.6150174313031335e-07,9.299531512129026e-08,3.877027013155937e-08
7.081387925846164e-16,6.602842334221095e-07,6.890386264005451e-07,5.89096457016563e-07,4.968166544642255e-07,4.1220772274269893e-07,3.349273073833187e-07,2.468785773603037e-07,1.621670345911401e-07,9.349572829085106e-08,3.912420361390031e-08
7.105453108077024e-16,6.615782708456051e-07,6.904332376937586e-07,5.903888759122194e-07,4.980093587168058e-07,4.1330411747658153e-07,3.359306938103383e-07,2.4772801223838895e-07,1.6283343158205498e-07,9.399717437025578e-08,3.947907327999478e-08
7.129578446782935e-16,6.628736612893678e-07,6.918291584206984e-07,5.916825738581065e-07,4.992033089203826e-07,4.144017234060096e-07,3.369352546785048e-07,2.485785961003014e-07,1.635009345190088e-07,9.449965389982323e-08,3.983487979634462e-08
7.153764046403596e-16,6.641704049028083e-07,6.932263888136105e-07,5.929775511170661e-07,5.003985053702554e-07,4.1550054086054205e-07,3.379409903529121e-07,2.494303293040235e-07,1.6416954381725747e-07,9.500316741896619e-08,4.019162382855312e-08
7.17801001149106e-16,6.654685018349876e-07,6.946249291042403e-07,5.942738079513924e-07,5.015949483611304e-07,4.166005701691016e-07,3.389479011979815e-07,2.502832122069944e-07,1.6483925989135802e-07,9.550771546619007e-08,4.0549306041323514e-08
7.202316446710119e-16,6.667679522346174e-07,6.960247795238336e-07,5.955713446228325e-07,5.027926381871201e-07,4.177018116599765e-07,3.3995598757746237e-07,2.5113724516610985e-07,1.6551008315516896e-07,9.601329857909317e-08,4.090792709845801e-08
7.22668345683817e-16,6.680687562500623e-07,6.974259403031374e-07,5.968701613925871e-07,5.039915751417457e-07,4.1880426566082067e-07,3.409652498544327e-07,2.519924285377228e-07,1.661820140218514e-07,9.651991729436728e-08,4.126748766285658e-08
7.251111146765282e-16,6.693709140293393e-07,6.988284116724006e-07,5.981702585213122e-07,5.051917595179373e-07,4.199079324986547e-07,3.4197568839130103e-07,2.5284876267764335e-07,1.668550529038698e-07,9.702757214779806e-08,4.1627988396516124e-08
7.275599621494249e-16,6.706744257201202e-07,7.002321938613752e-07,5.994716362691185e-07,5.063931916080341e-07,4.2101281249986693e-07,3.429873035498055e-07,2.537062479411391e-07,1.6752920021299274e-07,9.753626367426531e-08,4.198942996052938e-08
7.300148986140796e-16,6.719792914697312e-07,7.016372870993167e-07,6.00774294895574e-07,5.075958717037873e-07,4.2211890599021436e-07,3.440000956910165e-07,2.545648846829353e-07,1.6820445636029396e-07,9.804599240774374e-08,4.2351813015083874e-08
7.324759345933343e-16,6.732855114251555e-07,7.030436916149857e-07,6.020782346597036e-07,5.087998000963586e-07,4.2322621329482246e-07,3.450140651753359e-07,2.5542467325721527e-07,1.688808217561526e-07,9.855675888130312e-08,4.271513821946114e-08
7.349430806213178e-16,6.74593085733033e-07,7.04451407636648e-07,6.033834558199901e-07,5.100049770763219e-07,4.2433473473818763e-07,3.4602921236249917e-07,2.5628561401762067e-07,1.6955829681025483e-07,9.906856362710894e-08,4.3079406232035665e-08
7.374163472434583e-16,6.759020145396615e-07,7.058604353920754e-07,6.046899586343752e-07,5.112114029336653e-07,4.2544447064417644e-07,3.4704553761157487e-07,2.571477073172515e-07,1.7023688193159395e-07,9.95814071764229e-08,4.344461771027391e-08
7.39895745016486e-16,6.772122979909979e-07,7.072707751085472e-07,6.05997743360261e-07,5.1241907795779e-07,4.2655542133602786e-07,3.4806304128096684e-07,2.580109535086669e-07,1.7091657752847155e-07,1.0009529005960316e-07,4.381077331073345e-08
7.423812845084404e-16,6.785239362326589e-07,7.086824270128508e-07,6.073068102545106e-07,5.136280024375131e-07,4.2766758713635266e-07,3.490817237284139e-07,2.588753529438843e-07,1.7159738400849856e-07,1.0061021280610515e-07,4.417787368906202e-08
7.448729762986731e-16,6.798369294099223e-07,7.100953913312823e-07,6.086171595734474e-07,5.148381766610672e-07,4.2878096836713613e-07,3.5010158531099103e-07,2.59740905974381e-07,1.7227930177859558e-07,1.011261759444819e-07,4.4545919499996585e-08
7.473708309778538e-16,6.811512776677276e-07,7.11509668289647e-07,6.099287915728592e-07,5.16049600916102e-07,4.298955653497369e-07,3.5112262638511044e-07,2.606076129510938e-07,1.7296233124499382e-07,1.0164318000238449e-07,4.491491139736247e-08
7.498748591479736e-16,6.824669811506767e-07,7.129252581132618e-07,6.112417065079957e-07,5.172622754896842e-07,4.3101137840488923e-07,3.5214484730652204e-07,2.6147547422441913e-07,1.7364647281323634e-07,1.0216122550656265e-07,4.528485003407249e-08
7.523850714223566e-16,6.837840400030353e-07,7.143421610269542e-07,6.125559046335714e-07,5.184762006683e-07,4.321284078527031e-07,3.5316824843031426e-07,2.623444901442134e-07,1.7433172688817814e-07,1.026803129828652e-07,4.5655736062126026e-08
7.549014784256498e-16,6.851024543687336e-07,7.157603772550638e-07,6.138713862037659e-07,5.196913767378545e-07,4.332466540126657e-07,3.541928301109151e-07,2.6321466105979354e-07,1.7501809387398784e-07,1.0320044295624075e-07,4.6027570132608205e-08
7.574240907938556e-16,6.864222243913674e-07,7.171799070214436e-07,6.151881514722251e-07,5.209078039836731e-07,4.3436611720364164e-07,3.5521859270209285e-07,2.640859873199369e-07,1.7570557417414792e-07,1.0372161595073798e-07,4.640035289568902e-08
7.5995291917431775e-16,6.87743350214199e-07,7.186007505494608e-07,6.165062006920617e-07,5.22125482690503e-07,4.3548679774387425e-07,3.562455365569564e-07,2.6495846927288227e-07,1.7639416819145564e-07,1.042438324895064e-07,4.6774085000622506e-08
7.624879742257294e-16,6.890658319801574e-07,7.20022908061997e-07,6.178255341158562e-07,5.233444131425129e-07,4.3660869595098636e-07,3.57273662027957e-07,2.658321072663287e-07,1.7708387632802386e-07,1.0476709309479672e-07,4.7148767095745894e-08
7.650292666181387e-16,6.903896698318406e-07,7.214463797814493e-07,6.191461519956575e-07,5.245645956232944e-07,4.377318121419808e-07,3.583029694668879e-07,2.66706901647437e-07,1.7777469898528226e-07,1.052913982879616e-07,4.752439982847874e-08
7.675768070329599e-16,6.917148639115148e-07,7.228711659297317e-07,6.204680545829848e-07,5.257860304158642e-07,4.3885614663324204e-07,3.593334592248866e-07,2.675828527628297e-07,1.7846663656397757e-07,1.05816748589456e-07,4.7900983845322236e-08
7.701306061629709e-16,6.930414143611171e-07,7.242972667282757e-07,6.217912421288271e-07,5.270087178026627e-07,4.3998169974053605e-07,3.603651316524344e-07,2.6845996095859145e-07,1.7915968946417478e-07,1.0634314451883778e-07,4.827851979185832e-08
7.726906747123242e-16,6.943693213222546e-07,7.257246823980303e-07,6.231157148836447e-07,5.282326580655559e-07,4.411084717790121e-07,3.613979870993578e-07,2.693382265802687e-07,1.7985385808525784e-07,1.0687058659476855e-07,4.865700831274892e-08
7.752570233965501e-16,6.956985849362066e-07,7.271534131594639e-07,6.244414730973709e-07,5.294578514858374e-07,4.42236463063203e-07,3.6243202591482887e-07,2.702176499728707e-07,1.8054914282593044e-07,1.073990753350138e-07,4.9036450051735126e-08
7.778296629425646e-16,6.970292053439248e-07,7.285834592325648e-07,6.257685170194119e-07,5.306842983442273e-07,4.433656739070263e-07,3.634672484473669e-07,2.710982314808693e-07,1.81245544084217e-07,1.0792861125644385e-07,4.941684565163656e-08
7.804086040886746e-16,6.983611826860347e-07,7.30014820836842e-07,6.270968468986475e-07,5.31911998920875e-07,4.4449610462378507e-07,3.645036550448386e-07,2.719799714481997e-07,1.8194306225746362e-07,1.084591948750342e-07,4.9798195754350436e-08
7.829938575845797e-16,6.996945171028356e-07,7.314474981913262e-07,6.284264629834325e-07,5.331409534953585e-07,4.456277555261684e-07,3.6554124605445823e-07,2.7286287021825996e-07,1.8264169774233842e-07,1.0899082670586636e-07,5.018050100085095e-08
7.855854341913833e-16,7.010292087343029e-07,7.328814915145701e-07,6.297573655215978e-07,5.343711623466862e-07,4.4676062692625303e-07,3.6658002182279014e-07,2.7374692813391215e-07,1.833414509348326e-07,1.0952350726312822e-07,5.056376203118856e-08
7.881833446816006e-16,7.023652577200871e-07,7.343168010246501e-07,6.310895547604509e-07,5.356026257532972e-07,4.478947191355035e-07,3.676199826957484e-07,2.74632145537482e-07,1.840423222302619e-07,1.100572370601148e-07,5.094797948448917e-08
7.907875998391457e-16,7.037026641995166e-07,7.357534269391665e-07,6.324230309467761e-07,5.368353439930632e-07,4.4903003246477333e-07,3.6866112901859734e-07,2.755185227707596e-07,1.8474431202326614e-07,1.1059201660922892e-07,5.133315399895347e-08
7.933982104593519e-16,7.050414283115966e-07,7.371913694752443e-07,6.337577943268376e-07,5.380693173432885e-07,4.5016656722430597e-07,3.6970346113595333e-07,2.764060601749996e-07,1.8544742070781143e-07,1.1112784642198161e-07,5.17192862118562e-08
7.960151873489814e-16,7.063815501950116e-07,7.386306288495345e-07,6.350938451463774e-07,5.39304546080711e-07,4.513043237237356e-07,3.7074697939178514e-07,2.772947580909211e-07,1.8615164867718998e-07,1.1166472700899294e-07,5.2106376759545565e-08
7.986385413262207e-16,7.077230299881253e-07,7.400712052782145e-07,6.364311836506186e-07,5.405410304815035e-07,4.524433022720876e-07,3.7179168412941466e-07,2.781846168587084e-07,1.8685699632402155e-07,1.122026588799927e-07,5.249442627744249e-08
8.012682832206927e-16,7.090658678289818e-07,7.415130989769898e-07,6.377698100842653e-07,5.417787708212739e-07,4.5358350317778043e-07,3.7283757569151747e-07,2.790756368180113e-07,1.875634640402539e-07,1.1274164254382066e-07,5.28834354000399e-08
8.039044238734612e-16,7.10410063855307e-07,7.429563101610934e-07,6.39109724691503e-07,5.430177673750671e-07,4.5472492674862536e-07,3.7388465442012453e-07,2.7996781830794503e-07,1.8827105221716393e-07,1.1328167850842779e-07,5.3273404760902104e-08
8.065469741370416e-16,7.117556182045074e-07,7.444008390452879e-07,6.404509277160007e-07,5.442580204173648e-07,4.5586757329182795e-07,3.749329206566222e-07,2.8086116166709114e-07,1.889797612453583e-07,1.1382276728087644e-07,5.366433499266431e-08
8.09195944875373e-16,7.131025310136731e-07,7.458466858438654e-07,6.417934194009106e-07,5.454995302220871e-07,4.570114431139887e-07,3.7598237474175315e-07,2.8175566723349703e-07,1.8968959151477453e-07,1.1436490936734118e-07,5.405622672703167e-08
8.118513469638774e-16,7.144508024195783e-07,7.472938507706496e-07,6.431371999888698e-07,5.467422970625933e-07,4.581565365211041e-07,3.7703301701561767e-07,2.826513353446769e-07,1.9040054341468144e-07,1.1490810527310969e-07,5.444908059477896e-08
8.14513191289431e-16,7.15800432558681e-07,7.487423340389946e-07,6.444822697220007e-07,5.479863212116824e-07,4.593028538185677e-07,3.7808484781767385e-07,2.835481663376117e-07,1.9111261733368028e-07,1.1545235550258291e-07,5.484289722574981e-08
8.171814887503764e-16,7.171514215671242e-07,7.50192135861788e-07,6.458286288419122e-07,5.492316029415945e-07,4.604503953111703e-07,3.7913786748673905e-07,2.844461605487496e-07,1.9182581365970563e-07,1.1599766055927622e-07,5.5237677248856143e-08
8.198562502565371e-16,7.185037695807375e-07,7.516432564514504e-07,6.471762775896999e-07,5.504781425240117e-07,4.615991613031012e-07,3.801920763609902e-07,2.853453183140062e-07,1.9254013278002592e-07,1.1654402094581988e-07,5.563342129207759e-08
8.225374867291969e-16,7.198574767350372e-07,7.530956960199364e-07,6.485252162059488e-07,5.517259402300584e-07,4.6274915209794944e-07,3.812474747779648e-07,2.8624563996876516e-07,1.9325557508124466e-07,1.170914371639598e-07,5.603012998246092e-08
8.252252091011336e-16,7.212125431652274e-07,7.545494547787355e-07,6.49875444930731e-07,5.529749963303023e-07,4.639003679987043e-07,3.8230406307456166e-07,2.871471258478777e-07,1.9397214094930105e-07,1.1763990971455812e-07,5.642780394611942e-08
8.279194283166123e-16,7.225689690061999e-07,7.560045329388729e-07,6.512269640036096e-07,5.54225311094756e-07,4.6505280930775563e-07,3.8336184158704213e-07,2.8804977628566374e-07,1.9468983076947093e-07,1.1818943909759416e-07,5.682644380823244e-08
8.30620155331394e-16,7.23926754392537e-07,7.574609307109106e-07,6.525797736636384e-07,5.554768847928779e-07,4.662064763268959e-07,3.844208106510303e-07,2.8895359161591207e-07,1.9540864492636733e-07,1.1874002581216484e-07,5.7226050193044707e-08
8.333274011127392e-16,7.252858994585101e-07,7.589186483049478e-07,6.539338741493625e-07,5.56729717693571e-07,4.6736136935732023e-07,3.854809706015139e-07,2.8985857217188044e-07,1.9612858380394178e-07,1.1929167035648552e-07,5.762662372386598e-08
8.360411766394117e-16,7.266464043380814e-07,7.603776859306218e-07,6.552892656988188e-07,5.57983810065187e-07,4.685174886996278e-07,3.86542321772846e-07,2.9076471828629566e-07,1.9684964778548487e-07,1.1984437322789093e-07,5.802816502307034e-08
8.387614929016915e-16,7.280082691649051e-07,7.618380437971093e-07,6.566459485495392e-07,5.592391621755247e-07,4.69674834653822e-07,3.876048644987448e-07,2.9167203029135463e-07,1.975718372536271e-07,1.203981349228355e-07,5.843067471209573e-08
8.414883609013728e-16,7.29371494072328e-07,7.632997221131269e-07,6.580039229385481e-07,5.604957742918325e-07,4.7083340751931157e-07,3.886685991122949e-07,2.9258050851872396e-07,1.9829515259033976e-07,1.2095295593689441e-07,5.8834153411443635e-08
8.442217916517706e-16,7.307360791933894e-07,7.647627210869316e-07,6.593631891023654e-07,5.617536466808078e-07,4.719932075949126e-07,3.897335259459481e-07,2.934901532995407e-07,1.9901959417693581e-07,1.2150883676476412e-07,5.9238601740678253e-08
8.469617961777284e-16,7.321020246608227e-07,7.66227040926322e-07,6.607237472770077e-07,5.630127796085988e-07,4.7315423517884707e-07,3.907996453315239e-07,2.944009649644128e-07,1.9974516239407093e-07,1.2206577790026326e-07,5.964402031842622e-08
8.497083855156264e-16,7.334693306070557e-07,7.67692681838639e-07,6.620855976979873e-07,5.642731733408057e-07,4.743164905687461e-07,3.918669576002111e-07,2.9531294384341855e-07,2.0047185762174382e-07,1.2262377983633343e-07,6.005040976237625e-08
8.52461570713378e-16,7.348379971642126e-07,7.691596440307668e-07,6.634487406003147e-07,5.655348281424807e-07,4.7547997406164926e-07,3.929354630825678e-07,2.962260902661082e-07,2.0119968023929745e-07,1.2318284306503965e-07,6.045777068927844e-08
8.552213628304442e-16,7.362080244641124e-07,7.706279277091334e-07,6.648131762184987e-07,5.667977442781292e-07,4.766446859540062e-07,3.9400516210852286e-07,2.971404045615034e-07,2.019286306254199e-07,1.2374296807757145e-07,6.086610371494396e-08
8.579877729378355e-16,7.37579412638272e-07,7.720975330797109e-07,6.661789047865479e-07,5.68061922011711e-07,4.778106265416774e-07,3.95076055007376e-07,2.9805588705809753e-07,2.0265870915814507e-07,1.243041553642435e-07,6.127540945424456e-08
8.607608121181167e-16,7.389521618179054e-07,7.735684603480185e-07,6.675459265379703e-07,5.693273616066409e-07,4.789777961199345e-07,3.961481421077996e-07,2.9897253808385666e-07,2.033899162148536e-07,1.2486640541449646e-07,6.168568852111215e-08
8.635404914654138e-16,7.403262721339255e-07,7.750407097191206e-07,6.689142417057758e-07,5.705940633257902e-07,4.801461949834621e-07,3.972214237378385e-07,2.9989035796621926e-07,2.0412225217227387e-07,1.2542971871689747e-07,6.209694152853846e-08
8.663268220853963e-16,7.417017437169436e-07,7.765142813976291e-07,6.702838505224757e-07,5.718620274314858e-07,4.813158234263578e-07,3.982959002249115e-07,3.0080934703209685e-07,2.0485571740648256e-07,1.259940957591414e-07,6.250916908857455e-08
8.691198150953481e-16,7.430785766972717e-07,7.779891755877037e-07,6.71654753220084e-07,5.731312541855128e-07,4.824866817421341e-07,3.993715718958124e-07,3.0172950560787425e-07,2.055903122929055e-07,1.2655953702805138e-07,6.29223718123304e-08
8.71919481624114e-16,7.444567712049223e-07,7.79465392493053e-07,6.73026950030119e-07,5.744017438491157e-07,4.836587702237174e-07,4.0044843907670976e-07,3.0265083401941e-07,2.063260372063188e-07,1.271260430095793e-07,6.333655030997463e-08
8.747258328121176e-16,7.458363273696084e-07,7.809429323169355e-07,6.74400441183603e-07,5.756734966829974e-07,4.848320891634507e-07,4.0152650209314894e-07,3.035733325920366e-07,2.0706289252084962e-07,1.2769361418880733e-07,6.375170519073397e-08
8.775388798113684e-16,7.472172453207462e-07,7.8242179526216e-07,6.757752269110634e-07,5.769465129473218e-07,4.860066388530942e-07,4.0260576127005216e-07,3.0449700165056083e-07,2.0780087860997675e-07,1.282622510499481e-07,6.41678370628931e-08
8.803586337854743e-16,7.485995251874537e-07,7.839019815310858e-07,6.771513074425347e-07,5.782207929017136e-07,4.871824195838251e-07,4.036862169317196e-07,3.054218415192642e-07,2.0853999584653182e-07,1.288319540763456e-07,6.458494653379408e-08
8.831851059096407e-16,7.499831670985524e-07,7.853834913256255e-07,6.785286830075577e-07,5.7949633680526e-07,4.883594316462396e-07,4.047678694018306e-07,3.0634785252190356e-07,2.0928024460269993e-07,1.294027237504763e-07,6.500303420983621e-08
8.86018307370677e-16,7.513681711825691e-07,7.868663248472432e-07,6.799073538351814e-07,5.807731449165105e-07,4.895376753303536e-07,4.058507190034436e-07,3.072750349817104e-07,2.100216252500205e-07,1.2997456055394977e-07,6.542210069647556e-08
8.888582493670037e-16,7.527545375677343e-07,7.883504822969575e-07,6.812873201539636e-07,5.820512174934795e-07,4.907171509256021e-07,4.0693476605899747e-07,3.0820338922139284e-07,2.107641381593883e-07,1.305474649675095e-07,6.584214659822472e-08
8.917049431086578e-16,7.541422663819843e-07,7.89835963875341e-07,6.826685821919712e-07,5.83330554793645e-07,4.918978587208431e-07,4.0802001089031284e-07,3.091329155631346e-07,2.1150778370105415e-07,1.3112143747103356e-07,6.626317251865244e-08
8.94558399817279e-16,7.555313577529619e-07,7.913227697825215e-07,6.840511401767823e-07,5.846111570739516e-07,4.930797990043552e-07,4.091064538185916e-07,3.1006361432859615e-07,2.1225256224462567e-07,1.3169647854353586e-07,6.668517906038336e-08
8.974186307261575e-16,7.569218118080174e-07,7.928109002181831e-07,6.854349943354864e-07,5.858930245908095e-07,4.942629720638406e-07,4.1019409516441966e-07,3.109954858389144e-07,2.1299847415906833e-07,1.3227258866316658e-07,6.710816682509767e-08
9.00285647080313e-16,7.583136286742921e-07,7.94300355381497e-07,6.868201448948634e-07,5.871761576004434e-07,4.954473781866238e-07,4.11282935247957e-07,3.1192853041467576e-07,2.1374551981263448e-07,1.3284976830718341e-07,6.753213641352223e-08
9.031594601362788e-16,7.597068084785652e-07,7.957911354712451e-07,6.882065920810504e-07,5.884605563582488e-07,4.966330176592802e-07,4.1237297438857946e-07,3.1286274837596905e-07,2.1449369957300033e-07,1.3342801795200892e-07,6.795708842544611e-08
9.060400811622284e-16,7.611013513473088e-07,7.972832406857798e-07,6.895943361196668e-07,5.897462211190313e-07,4.978198907677774e-07,4.134642129050175e-07,3.1379814004236546e-07,2.1524301380721288e-07,1.340073380732087e-07,6.838302345971476e-08
9.089275214380041e-16,7.624972574067053e-07,7.987766712230117e-07,6.909833772358476e-07,5.910331521370673e-07,4.990079977975109e-07,4.1455665111538945e-07,3.1473470573291414e-07,2.159934628816801e-07,1.3458772914548835e-07,6.88099421142283e-08
9.118217922551005e-16,7.638945267826464e-07,8.002714272804114e-07,6.923737156542432e-07,5.923213496661049e-07,5.001973390333029e-07,4.1565028933720083e-07,3.1567244576614267e-07,2.1674504716217204e-07,1.351691916426941e-07,6.923784498594113e-08
9.147229049166762e-16,7.652931596007361e-07,8.017675090550117e-07,6.937653515990213e-07,5.936108139593645e-07,5.013879147594052e-07,4.167451278873459e-07,3.166113604600577e-07,2.1749776701382112e-07,1.3575172603781348e-07,6.966673267086176e-08
9.176308707375663e-16,7.666931559862898e-07,8.03264916743406e-07,6.95158285293867e-07,5.9490154526954e-07,5.025797252594985e-07,4.178411670821076e-07,3.1755145013214545e-07,2.182516228011233e-07,1.3633533280297667e-07,7.009660576405258e-08
9.205457010442573e-16,7.680945160643354e-07,8.047636505417506e-07,6.96552516961984e-07,5.96193543848799e-07,5.037727708166941e-07,4.1893840723715965e-07,3.184927150993713e-07,2.1900661488793924e-07,1.3692001240945692e-07,7.052746485962957e-08
9.234674071749231e-16,7.694972399596144e-07,8.062637106457649e-07,6.979480468260958e-07,5.974868099487836e-07,5.049670517135346e-07,4.2003684866756614e-07,3.1943515567818054e-07,2.1976274363749476e-07,1.3750576532767166e-07,7.095931055076223e-08
9.263960004794057e-16,7.709013277965821e-07,8.077650972507328e-07,6.993448751084446e-07,5.987813438206124e-07,5.06162568231994e-07,4.21136491687783e-07,3.2037877218449956e-07,2.2052000941238185e-07,1.3809259202718335e-07,7.139214342967324e-08
9.293314923192465e-16,7.72306779699408e-07,8.092678105515023e-07,7.007430020307949e-07,6.000771457148794e-07,5.073593206534799e-07,4.2223733661165866e-07,3.21323564933735e-07,2.2127841257455943e-07,1.3868049297670044e-07,7.18259640876384e-08
9.322738940676762e-16,7.737135957919774e-07,8.107718507424867e-07,7.021424278144322e-07,6.013742158816566e-07,5.085573092588327e-07,4.233393837524347e-07,3.2226953424077493e-07,2.220379534853544e-07,1.392694686440781e-07,7.22607731149864e-08
9.352232171096251e-16,7.751217761978907e-07,8.122772180176669e-07,7.035431526801644e-07,6.026725545704939e-07,5.09756534328328e-07,4.244426334227467e-07,3.232166804199887e-07,2.2279863250546246e-07,1.398595194963193e-07,7.269657110109873e-08
9.381794728417273e-16,7.765313210404651e-07,8.137839125705897e-07,7.049451768483232e-07,6.039721620304203e-07,5.10956996141676e-07,4.2554708593462543e-07,3.2416500378522776e-07,2.2356044999494876e-07,1.4045064599957567e-07,7.313335863440948e-08
9.411426726723247e-16,7.779422304427344e-07,8.152919345943702e-07,7.063485005387639e-07,6.052730385099443e-07,5.121586949780244e-07,4.2665274159949695e-07,3.2511450464982616e-07,2.2432340631324894e-07,1.410428486191483e-07,7.357113630240528e-08
9.441128280214731e-16,7.793545045274506e-07,8.168012842816916e-07,7.077531239708669e-07,6.065751842570553e-07,5.133616311159563e-07,4.2775960072818426e-07,3.260651833266002e-07,2.2508750181917012e-07,1.4163612781948886e-07,7.400990469162507e-08
9.470899503209551e-16,7.807681434170837e-07,8.18311961824807e-07,7.091590473635387e-07,6.078785995192239e-07,5.145658048334941e-07,4.288676636309074e-07,3.270170401278496e-07,2.2585273687089143e-07,1.422304840642003e-07,7.444966438766008e-08
9.500740510142684e-16,7.821831472338234e-07,8.198239674155396e-07,7.105662709352116e-07,6.091832845434032e-07,5.157712164080976e-07,4.2997693061728465e-07,3.2797007536535707e-07,2.2661911182596513e-07,1.4282591781603803e-07,7.489041597515364e-08
9.530651415566498e-16,7.835995160995782e-07,8.213373012452832e-07,7.119747949038456e-07,6.104892395760297e-07,5.169778661166672e-07,4.3108740199633344e-07,3.2892428935037084e-07,2.2738662704131725e-07,1.4342242953691036e-07,7.533216003780114e-08
9.560632334150702e-16,7.850172501359772e-07,8.228519635050037e-07,7.133846194869294e-07,6.117964648630237e-07,5.181857542355434e-07,4.321990780764708e-07,3.298796823936324e-07,2.281552828732487e-07,1.440200196878801e-07,7.577489715834996e-08
9.5906833806824e-16,7.864363494643698e-07,8.24367954385239e-07,7.147957449014801e-07,6.131049606497898e-07,5.193948810405079e-07,4.333119591655145e-07,3.3083625480537696e-07,2.2892507967743606e-07,1.4461868872916502e-07,7.621862791859928e-08
9.620804670066207e-16,7.878568142058268e-07,8.258852740760999e-07,7.162081713640439e-07,6.144147271812193e-07,5.206052468067848e-07,4.344260455706837e-07,3.317940068953259e-07,2.296960178089321e-07,1.452184371201389e-07,7.666335289940027e-08
9.65099631732426e-16,7.892786444811421e-07,8.274039227672715e-07,7.176218990906991e-07,6.157257647016888e-07,5.218168518090403e-07,4.3554133759859996e-07,3.327529389726859e-07,2.304680976221673e-07,1.4581926531933245e-07,7.710907268065572e-08
9.68125843759629e-16,7.907018404108312e-07,8.289239006480141e-07,7.190369282970544e-07,6.170380734550636e-07,5.230296963213858e-07,4.366578355552878e-07,3.3371305134614906e-07,2.3124131947095005e-07,1.4642117378443446e-07,7.755578784132024e-08
9.711591146139815e-16,7.921264021151332e-07,8.30445207907162e-07,7.204532591982513e-07,6.183516536846965e-07,5.242437806173769e-07,4.3777553974617595e-07,3.346743443238944e-07,2.3201568370846772e-07,1.4702416297229248e-07,7.800349895940005e-08
9.741994558329705e-16,7.935523297140108e-07,8.319678447331271e-07,7.218708920089638e-07,6.196665056334293e-07,5.254591049700144e-07,4.3889445047609777e-07,3.356368182135868e-07,2.3279119068728773e-07,1.4762823333891395e-07,7.845220661195307e-08
9.77246878965874e-16,7.949796233271511e-07,8.334918113138972e-07,7.232898269434001e-07,6.209826295435935e-07,5.266756696517453e-07,4.4001456804929253e-07,3.36600473322379e-07,2.3356784075935804e-07,1.48233385339467e-07,7.890191137508891e-08
9.803013955737536e-16,7.964082830739674e-07,8.350171078370386e-07,7.24710064215303e-07,6.223000256570124e-07,5.278934749344645e-07,4.4113589276940557e-07,3.375653099569106e-07,2.3434563427600835e-07,1.488396194282816e-07,7.935261382396871e-08
9.833630172294563e-16,7.978383090735968e-07,8.365437344896957e-07,7.261316040379505e-07,6.236186942149997e-07,5.291125210895149e-07,4.4225842493948966e-07,3.3853132842330906e-07,2.3512457158795084e-07,1.4944693605885045e-07,7.980431453280532e-08
9.864317555176188e-16,7.992697014449041e-07,8.380716914585916e-07,7.275544466241573e-07,6.249386354583626e-07,5.303328083876882e-07,4.433821648620057e-07,3.3949852902719034e-07,2.359046530452807e-07,1.500553356838298e-07,8.025701407486329e-08
9.895076220346736e-16,8.007024603064801e-07,8.396009789300303e-07,7.289785921862746e-07,6.262598496274005e-07,5.315543370992261e-07,4.4450711283882356e-07,3.404669120736586e-07,2.3668587899747763e-07,1.5066481875504065e-07,8.071071302245879e-08
9.925906283888558e-16,8.021365857766434e-07,8.41131597089896e-07,7.30404040936192e-07,6.275823369619078e-07,5.327771074938204e-07,4.4563326917122295e-07,3.414364778673076e-07,2.374682497934059e-07,1.5127538572346945e-07,8.116541194695973e-08
9.956807862002111e-16,8.035720779734409e-07,8.426635461236543e-07,7.318307930853377e-07,6.289060977011735e-07,5.340011198406154e-07,4.467606341598942e-07,3.424072267122202e-07,2.3825176578131622e-07,1.5188703703926958e-07,8.162111141878571e-08
9.987781071005946e-16,8.050089370146466e-07,8.441968262163532e-07,7.332588488446793e-07,6.302311320839827e-07,5.352263744082072e-07,4.478892081049393e-07,3.4337915891196905e-07,2.3903642730884527e-07,1.524997731517617e-07,8.207781200740822e-08
1.001882602733684e-15,8.064471630177652e-07,8.457314375526233e-07,7.346882084247248e-07,6.315574403486163e-07,5.364528714646455e-07,4.490189913058719e-07,3.443522747696174e-07,2.3982223472301784e-07,1.5311359450943525e-07,8.253551428135057e-08
1.0049942847549802e-15,8.078867561000307e-07,8.472673803166787e-07,7.361188720355231e-07,6.328850227328543e-07,5.376806112774335e-07,4.5014998406161957e-07,3.4532657458771884e-07,2.406091883702466e-07,1.537285015599491e-07,8.299421880818802e-08
1.0081131648318085e-15,8.093277163784071e-07,8.488046546923183e-07,7.375508398866648e-07,6.342138794739733e-07,5.389095941135298e-07,4.512821866705232e-07,3.463020586683184e-07,2.4139728859633405e-07,1.5434449475013276e-07,8.345392615454779e-08
1.0112392546433347e-15,8.107700439695891e-07,8.503432608629264e-07,7.389841121872836e-07,6.355440108087502e-07,5.401398202393491e-07,4.52415599430339e-07,3.4727872731295243e-07,2.4218653574647225e-07,1.5496157452598731e-07,8.391463688610934e-08
1.0143725658805663e-15,8.12213738990003e-07,8.518831990114734e-07,7.404186891460571e-07,6.368754169734613e-07,5.41371289920762e-07,4.5355022263823874e-07,3.482565808226492e-07,2.4297693016524454e-07,1.5557974133268625e-07,8.437635156760417e-08
1.0175131102463517e-15,8.136588015558075e-07,8.534244693205144e-07,7.418545709712066e-07,6.38208098203884e-07,5.426040034230972e-07,4.546860565908103e-07,3.4923561949792923e-07,2.437684721966259e-07,1.5619899561457684e-07,8.483907076281617e-08
1.0206608994553927e-15,8.151052317828936e-07,8.549670719721944e-07,7.43291757870498e-07,6.39542054735298e-07,5.438379610111417e-07,4.5582310158405943e-07,3.502158436388062e-07,2.4456116218398407e-07,1.5681933781518072e-07,8.530279503458162e-08
1.0238159452342513e-15,8.165530297868846e-07,8.565110071482447e-07,7.44730250051244e-07,6.408772868024846e-07,5.450731629491417e-07,4.569613579134097e-07,3.511972535447867e-07,2.4535500047008003e-07,1.5744076837719512e-07,8.576752494478948e-08
1.0269782593213275e-15,8.180021956831387e-07,8.580562750299871e-07,7.461700477203036e-07,6.422137946397285e-07,5.463096095008032e-07,4.581008258737035e-07,3.521798495148711e-07,2.461499873970694e-07,1.5806328774249398e-07,8.623326105438127e-08
1.0301478534669198e-15,8.194527295867474e-07,8.596028757983311e-07,7.476111510840834e-07,6.435515784808197e-07,5.475473009292939e-07,4.5924150575920355e-07,3.531636318475534e-07,2.469461233065026e-07,1.5868689635212884e-07,8.670000392335134e-08
1.033324739433201e-15,8.209046316125371e-07,8.611508096337779e-07,7.490535603485381e-07,6.448906385590516e-07,5.487862374972421e-07,4.60383397863593e-07,3.541486008408227e-07,2.4774340853932636e-07,1.5931159464632973e-07,8.716775411074711e-08
1.0365089289942118e-15,8.223579018750699e-07,8.627000767164187e-07,7.504972757191719e-07,6.462309751072249e-07,5.500264194667401e-07,4.6152650247997656e-07,3.551347567921625e-07,2.4854184343588426e-07,1.5993738306450635e-07,8.763651217466908e-08
1.039700433935879e-15,8.238125404886435e-07,8.642506772259375e-07,7.519422974010377e-07,6.475725883576465e-07,5.512678470993424e-07,4.6267081990088127e-07,3.561220999985519e-07,2.4934142833591736e-07,1.6056426204524927e-07,8.810627867227117e-08
1.0428992660560179e-15,8.252685475672914e-07,8.658026113416096e-07,7.533886255987406e-07,6.489154785421306e-07,5.525105206560687e-07,4.6381635041825754e-07,3.571106307564655e-07,2.501421635785658e-07,1.6119223202633047e-07,8.85770541597607e-08
1.0461054371643353e-15,8.267259232247849e-07,8.673558792423049e-07,7.548362605164365e-07,6.502596458919998e-07,5.537544403974036e-07,4.649630943234792e-07,3.581003493618744e-07,2.5094404950236843e-07,1.618212934447049e-07,8.904883919239876e-08
1.0493189590824463e-15,8.28184667574632e-07,8.689104811064859e-07,7.562852023578328e-07,6.516050906380866e-07,5.549996065832978e-07,4.6611105190734544e-07,3.590912561102462e-07,2.517470864452647e-07,1.6245144673651117e-07,8.952163432450028e-08
1.0525398436438333e-15,8.296447807300789e-07,8.704664171122104e-07,7.57735451326191e-07,6.529518130107327e-07,5.562460194731689e-07,4.672602234600814e-07,3.6008335129654535e-07,2.5255127474459536e-07,1.6308269233707266e-07,8.999544010943432e-08
1.0557681026939542e-15,8.311062628041104e-07,8.72023687437132e-07,7.591870076243256e-07,6.542998132397905e-07,5.574936793259016e-07,4.6841060927133836e-07,3.61076635215234e-07,2.533566147371028e-07,1.6371503068089877e-07,9.047025709962429e-08
1.059003748090159e-15,8.3256911390945e-07,8.735822922584994e-07,7.606398714546062e-07,6.556490915546253e-07,5.587425863998505e-07,4.6956220963019494e-07,3.6207110816027214e-07,2.5416310675893187e-07,1.6434846220168563e-07,9.094608584654812e-08
1.0622467917017148e-15,8.340333341585614e-07,8.751422317531592e-07,7.620940430189572e-07,6.56999648184114e-07,5.599927409528384e-07,4.707150248251582e-07,3.63066770425118e-07,2.549707511456319e-07,1.6498298733231728e-07,9.142292690073852e-08
1.0654972454098158e-15,8.354989236636476e-07,8.767035060975549e-07,7.635495225188596e-07,6.583514833566464e-07,5.612441432421594e-07,4.7186905514416407e-07,3.640636223027289e-07,2.5577954823215615e-07,1.656186065048669e-07,9.190078081178332e-08
1.0687551211075934e-15,8.369658825366529e-07,8.782661154677278e-07,7.650063101553516e-07,6.59704597300128e-07,5.624967935245778e-07,4.7302430087457874e-07,3.6506166408555754e-07,2.5658949835286305e-07,1.6625532015059748e-07,9.237964812832552e-08
1.0720204307001142e-15,8.384342108892619e-07,8.798300600393192e-07,7.66464406129028e-07,6.610589902419778e-07,5.637506920563305e-07,4.741807623031987e-07,3.6606089606555464e-07,2.574006018415176e-07,1.668931286999634e-07,9.28595293980637e-08
1.0752931861043903e-15,8.399039088329011e-07,8.813953399875698e-07,7.679238106400429e-07,6.624146624091315e-07,5.650058390931268e-07,4.753384397162522e-07,3.670613185341763e-07,2.582128590312915e-07,1.6753203258261092e-07,9.334042516775234e-08
1.0785733992493833e-15,8.413749764787395e-07,8.829619554873198e-07,7.693845238881103e-07,6.637716140280409e-07,5.662622348901499e-07,4.7649733339939994e-07,3.6806293178237926e-07,2.590262702547641e-07,1.6817203222737963e-07,9.382233598320185e-08
1.0818610820760076e-15,8.428474139376876e-07,8.845299067130119e-07,7.708465460725025e-07,6.651298453246756e-07,5.675198797020573e-07,4.776574436377359e-07,3.69065736100621e-07,2.5984083584392385e-07,1.6881312806230343e-07,9.43052623892791e-08
1.0851562465371422e-15,8.443212213204009e-07,8.860991938386897e-07,7.723098773920542e-07,6.66489356524523e-07,5.687787737829822e-07,4.788187707157877e-07,3.7006973177886083e-07,2.606565561301686e-07,1.6945532051461153e-07,9.478920492990771e-08
1.0884589045976298e-15,8.457963987372769e-07,8.876698170380001e-07,7.737745180451604e-07,6.678501478525905e-07,5.700389173865338e-07,4.799813149175185e-07,3.7107491910655987e-07,2.614734314443064e-07,1.7009861001072953e-07,9.527416414806824e-08
1.0917690682342853e-15,8.472729462984579e-07,8.892417764841922e-07,7.752404682297793e-07,6.692122195334044e-07,5.71300310765798e-07,4.811450765263273e-07,3.7208129837268145e-07,2.622914621165566e-07,1.7074299697628043e-07,9.57601405857985e-08
1.0950867494359017e-15,8.487508641138301e-07,8.908150723501196e-07,7.76707728143432e-07,6.705755717910127e-07,5.725629541733395e-07,4.82310055825049e-07,3.7308886986569207e-07,2.6311064847655037e-07,1.71388481836086e-07,9.6247134784194e-08
1.0984119602032126e-15,8.50230152293026e-07,8.923897048082409e-07,7.781762979832031e-07,6.71940204848984e-07,5.738268478612008e-07,4.834762530959562e-07,3.7409763387356095e-07,2.6393099085333196e-07,1.7203506501416738e-07,9.673514728340816e-08
1.10174471254905e-15,8.517108109454233e-07,8.939656740306194e-07,7.796461779457424e-07,6.7330611893041e-07,5.750919920809041e-07,4.846436686207597e-07,3.7510759068376107e-07,2.6475248957535953e-07,1.7268274693374648e-07,9.722417862265271e-08
1.1050850184981063e-15,8.531928401801451e-07,8.955429801889247e-07,7.811173682272654e-07,6.746733142579051e-07,5.763583870834525e-07,4.8581230268061e-07,3.7611874058326995e-07,2.655751449705053e-07,1.7333152801724714e-07,9.771422934019799e-08
1.1084328900871561e-15,8.546762401060614e-07,8.971216234544334e-07,7.825898690235528e-07,6.76041791053608e-07,5.776260331193297e-07,4.86982155556097e-07,3.771310838585693e-07,2.6639895736605697e-07,1.7398140868629587e-07,9.820529997337341e-08
1.1117883393649632e-15,8.561610108317895e-07,8.987016039980291e-07,7.840636805299528e-07,6.774115495391824e-07,5.788949304385021e-07,4.881532275272514e-07,3.78144620795646e-07,2.672239270887187e-07,1.7463238936172326e-07,9.869739105856765e-08
1.1151513783923032e-15,8.576471524656944e-07,9.00282921990204e-07,7.855388029413814e-07,6.78782589935817e-07,5.801650792904182e-07,4.893255188735456e-07,3.791593516799926e-07,2.680500544646116e-07,1.7528447046356486e-07,9.919050313122919e-08
1.1185220192419578e-15,8.591346651158885e-07,9.018655776010588e-07,7.870152364523227e-07,6.801549124642275e-07,5.814364799240112e-07,4.904990298738946e-07,3.8017527679660746e-07,2.6887733981927435e-07,1.759376524110626e-07,9.968463672586664e-08
1.1219002739987287e-15,8.606235488902334e-07,9.034495710003041e-07,7.884929812568307e-07,6.815285173446565e-07,5.827091325876984e-07,4.916737608066563e-07,3.8119239642999505e-07,2.697057834776648e-07,1.7659193562266514e-07,1.001797923760491e-07
1.1252861547596383e-15,8.621138038964222e-07,9.050349023573538e-07,7.899720375485061e-07,6.829034047970341e-07,5.839830375296562e-07,4.928497119498121e-07,3.8221071086432254e-07,2.7053538576412327e-07,1.7724732051595807e-07,1.006759706143811e-07
1.1286796736334905e-15,8.636054302418276e-07,9.066215718411533e-07,7.914524055205366e-07,6.842795750406798e-07,5.852581949973096e-07,4.9402688358063e-07,3.832302203831257e-07,2.713661470024433e-07,1.7790380750780106e-07,1.0117317197255066e-07
1.1320808427411407e-15,8.650984280335568e-07,9.082095796202425e-07,7.929340853656832e-07,6.856570282944141e-07,5.865346052375248e-07,4.952052759757947e-07,3.8425092526942327e-07,2.72198067515845e-07,1.7856139701427424e-07,1.0167139698131144e-07
1.1354896742155061e-15,8.665927973784667e-07,9.097989258627723e-07,7.94417077276281e-07,6.870357647765885e-07,5.878122684966562e-07,4.963848894114379e-07,3.852728258057438e-07,2.730311476269708e-07,1.792200894506691e-07,1.0217064617047939e-07
1.138906180201573e-15,8.680885383831651e-07,9.113896107365089e-07,7.95901381444237e-07,6.88415784705087e-07,5.890911850205485e-07,4.975657241631402e-07,3.862959222741248e-07,2.7386538765788583e-07,1.7987988523148976e-07,1.02670920068933e-07
1.142330372856398e-15,8.695856511540114e-07,9.129816344088303e-07,7.97386998061033e-07,6.897970882973256e-07,5.903713550545357e-07,4.987477805059302e-07,3.873202149561138e-07,2.7470078793007874e-07,1.8054078477045388e-07,1.0317221920461377e-07
1.1457622643490743e-15,8.710841357971162e-07,9.145749970467304e-07,7.988739273177248e-07,6.91179675770254e-07,5.916527788434434e-07,4.999310587142866e-07,3.883457041327679e-07,2.755373487644626e-07,1.8120278848049395e-07,1.0367454410452664e-07
1.149201866860763e-15,8.72583992418344e-07,9.161696988168183e-07,8.003621694049443e-07,6.925635473403558e-07,5.929354566315891e-07,5.011155590621379e-07,3.8937239008465505e-07,2.763750704813759e-07,1.8186589677375802e-07,1.041778952947403e-07
1.1526491925846882e-15,8.740852211233115e-07,9.177657398853188e-07,8.018517245128992e-07,6.939487032236494e-07,5.942193886627823e-07,5.023012818228643e-07,3.90400273091854e-07,2.772139534005832e-07,1.8253011006161154e-07,1.0468227330038793e-07
1.156104253726152e-15,8.755878220173879e-07,9.193631204180731e-07,8.033425928313746e-07,6.953351436356893e-07,5.955045751803266e-07,5.03488227269298e-07,3.914293534339466e-07,2.780539978412758e-07,1.8319542875463778e-07,1.0518767864566743e-07
1.1595670625025429e-15,8.770917952056966e-07,9.209618405805411e-07,8.04834774549733e-07,6.96722868791566e-07,5.967910164270192e-07,5.04676395673724e-07,3.9245963139003325e-07,2.788952041220732e-07,1.838618532626394e-07,1.0569411185384195e-07
1.1630376311433327e-15,8.785971407931164e-07,9.225619005377977e-07,8.063282698569146e-07,6.98111878905907e-07,5.980787126451528e-07,5.058657873078804e-07,3.9349110723872835e-07,2.797375725610231e-07,1.8452938399463935e-07,1.062015734472405e-07
1.166515971890085e-15,8.801038588842792e-07,9.241633004545393e-07,8.078230789414402e-07,6.99502174192878e-07,5.993676640765154e-07,5.070564024429601e-07,3.9452378125815973e-07,2.805811034756029e-07,1.8519802135888205e-07,1.0671006394725836e-07
1.1700020969964769e-15,8.816119495835726e-07,9.257660404950801e-07,8.093192019914092e-07,7.008937548661836e-07,6.006578709623914e-07,5.082482413496111e-07,3.9555765372596794e-07,2.814257971827201e-07,1.8586776576283472e-07,1.0721958387435753e-07
1.1734960187282552e-15,8.831214129951389e-07,9.273701208233549e-07,8.108166391945022e-07,7.022866211390678e-07,6.019493335435629e-07,5.094413042979377e-07,3.965927249193072e-07,2.822716539987135e-07,1.865386176131881e-07,1.0773013374806733e-07
1.1769977493632697e-15,8.846322492228774e-07,9.289755416029181e-07,8.12315390737981e-07,7.036807732243145e-07,6.032420520603099e-07,5.106355915575004e-07,3.976289951148461e-07,2.831186742393538e-07,1.8721057731585787e-07,1.0824171408698493e-07
1.18050730119152e-15,8.861444583704437e-07,9.305823029969464e-07,8.138154568086897e-07,7.050762113342489e-07,6.045360267524114e-07,5.118311033973181e-07,3.986664645887671e-07,2.839668582198443e-07,1.8788364527598589e-07,1.0875432540877568e-07
1.1840246865151078e-15,8.876580405412492e-07,9.321904051682384e-07,8.153168375930546e-07,7.064729356807382e-07,6.058312578591464e-07,5.130278400858675e-07,3.997051336167683e-07,2.8481620625482217e-07,1.8855782189794087e-07,1.0926796823017395e-07
1.1875499176482567e-15,8.891729958384633e-07,9.337998482792145e-07,8.168195332770861e-07,7.078709464751919e-07,6.071277456192945e-07,5.142258018910851e-07,4.007450024740629e-07,2.8566671865835874e-07,1.8923310758532e-07,1.0978264306698355e-07
1.1910830069173204e-15,8.906893243650128e-07,9.35410632491919e-07,8.183235440463785e-07,7.092702439285629e-07,6.08425490271136e-07,5.15424989080367e-07,4.0178607143538027e-07,2.8651839574396074e-07,1.8990950274094986e-07,1.1029835043407813e-07
1.1946239666607898e-15,8.922070262235829e-07,9.370227579680196e-07,8.198288700861111e-07,7.106708282513483e-07,6.09724492052454e-07,5.166254019205706e-07,4.0282834077496567e-07,2.8737123782457096e-07,1.905870077668875e-07,1.1081509084540193e-07
1.1981728092293225e-15,8.937261015166162e-07,9.386362248688091e-07,8.213355115810496e-07,7.120726996535902e-07,6.110247512005342e-07,5.178270406780145e-07,4.038718107665817e-07,2.8822524521256884e-07,1.912656230644218e-07,1.1133286481397029e-07
1.201729546985663e-15,8.952465503463156e-07,9.402510333552055e-07,8.228434687155446e-07,7.134758583448763e-07,6.123262679521663e-07,5.19029905618481e-07,4.0491648168350815e-07,2.8908041821977183e-07,1.919453490340742e-07,1.1185167285187005e-07
1.205294192304738e-15,8.967683728146426e-07,9.418671835877525e-07,8.243527416735353e-07,7.148803045343405e-07,6.136290425436447e-07,5.202339970072143e-07,4.059623537985428e-07,2.8993675715743585e-07,1.9262618607560032e-07,1.1237151547026037e-07
1.208866757573623e-15,8.982915690233179e-07,9.434846757266202e-07,8.258633306385484e-07,7.162860384306644e-07,6.149330752107687e-07,5.214393151089233e-07,4.070094273840013e-07,2.907942623362561e-07,1.9330813458799072e-07,1.128923931793732e-07
1.212447255191565e-15,8.998161390738236e-07,9.451035099316062e-07,8.273752357936987e-07,7.176930602420775e-07,6.162383661888445e-07,5.226458601877823e-07,4.080577027117183e-07,2.9165293406636783e-07,1.9399119496947243e-07,1.1341430648851401e-07
1.2160356975699735e-15,9.013420830674015e-07,9.46723686362136e-07,8.288884573216911e-07,7.191013701763584e-07,6.175449157126849e-07,5.238536325074311e-07,4.09107180053048e-07,2.9251277265734756e-07,1.9467536761750957e-07,1.1393725590606202e-07
1.2196320971324313e-15,9.028694011050547e-07,9.483452051772633e-07,8.3040299540482e-07,7.205109684408344e-07,6.188527240166102e-07,5.250626323309765e-07,4.101578596788641e-07,2.9337377841821344e-07,1.9536065292880488e-07,1.1446124193947136e-07
1.2232364663146998e-15,9.043980932875473e-07,9.49968066535671e-07,8.319188502249709e-07,7.219218552423839e-07,6.2016179133445e-07,5.262728599209918e-07,4.112097418595602e-07,2.9423595165742637e-07,1.9604705129930085e-07,1.1498626509527107e-07
1.226848817564725e-15,9.059281597154058e-07,9.515922705956719e-07,8.3343602196362e-07,7.233340307874359e-07,6.214721178995429e-07,5.274843155395196e-07,4.1226282686505113e-07,2.9509929268289047e-07,1.9673456312418074e-07,1.1551232587906622e-07
1.2304691633426423e-15,9.074596004889183e-07,9.532178175152098e-07,8.349545108018377e-07,7.247474952819717e-07,6.227837039447383e-07,5.28696999448071e-07,4.1331711496477255e-07,2.9596380180195437e-07,1.9742318879786965e-07,1.1603942479553839e-07
1.2340975161207758e-15,9.089924157081359e-07,9.548447074518589e-07,8.364743169202847e-07,7.261622489315251e-07,6.240965497023954e-07,5.299109119076273e-07,4.1437260642768197e-07,2.9682947932141164e-07,1.9811292871403601e-07,1.1656756234844608e-07
1.2377338883836542e-15,9.105266054728731e-07,9.564729405628256e-07,8.379954404992169e-07,7.275782919411835e-07,6.254106554043865e-07,5.311260531786408e-07,4.154293015222589e-07,2.976963255475017e-07,1.9880378326559228e-07,1.1709673904062566e-07
1.241378292628009e-15,9.120621698827068e-07,9.581025170049485e-07,8.395178817184848e-07,7.289956245155878e-07,6.267260212820964e-07,5.323424235210344e-07,4.1648720051650566e-07,2.985643407859108e-07,1.9949575284469646e-07,1.1762695537399176e-07
1.2450307413627857e-15,9.135991090369788e-07,9.597334369346996e-07,8.410416407575334e-07,7.30414246858935e-07,6.280426475664231e-07,5.335600231942042e-07,4.175463036779478e-07,2.994335253417725e-07,2.001888378427531e-07,1.1815821184953821e-07
1.24869124710912e-15,9.151374230347943e-07,9.61365700508184e-07,8.425667177954035e-07,7.318341591749767e-07,6.293605344877786e-07,5.347788524570194e-07,4.1860661127363416e-07,3.00303879519669e-07,2.0088303865041428e-07,1.186905089673385e-07
1.2523598224004104e-15,9.166771119750236e-07,9.629993078811422e-07,8.440931130107323e-07,7.332553616670221e-07,6.306796822760902e-07,5.359989115678229e-07,4.1966812357013795e-07,3.0117540362363113e-07,2.0157835565758106e-07,1.1922384722654638e-07
1.2560364797822665e-15,9.18218175956302e-07,9.646342592089488e-07,8.456208265817548e-07,7.34677854537937e-07,6.320000911608012e-07,5.372202007844327e-07,4.2073084083355704e-07,3.0204809795714015e-07,2.0227478925340466e-07,1.1975822712539678e-07
1.259721231812532e-15,9.197606150770296e-07,9.662705546466142e-07,8.471498586863034e-07,7.361016379901449e-07,6.333217613708716e-07,5.384427203641421e-07,4.2179476332951417e-07,3.02921962823128e-07,2.0297233982628727e-07,1.2029364916120628e-07
1.2634140910612812e-15,9.213044294353733e-07,9.679081943487855e-07,8.486802095018088e-07,7.375267122256288e-07,6.34644693134779e-07,5.396664705637215e-07,4.2285989132315804e-07,3.03796998523978e-07,2.0367100776388337e-07,1.208301138303739e-07
1.2671150701108342e-15,9.228496191292654e-07,9.695471784697457e-07,8.502118792053024e-07,7.38953077445931e-07,6.359688866805189e-07,5.40891451639418e-07,4.2392622507916325e-07,3.0467320536152596e-07,2.0437079345310107e-07,1.213676216283818e-07
1.270824181555722e-15,9.243961842564052e-07,9.711875071634172e-07,8.517448679734148e-07,7.403807338521538e-07,6.37294342235606e-07,5.421176638469569e-07,4.2499376486173076e-07,3.0555058363706076e-07,2.0507169728010298e-07,1.2190617304979585e-07
1.2745414380028063e-15,9.259441249142589e-07,9.728291805833592e-07,8.532791759823771e-07,7.418096816449607e-07,6.386210600270748e-07,5.433451074415425e-07,4.2606251093458915e-07,3.0642913365132546e-07,2.0577371963030746e-07,1.224457685882666e-07
1.2782668520711708e-15,9.274934412000597e-07,9.7447219888277e-07,8.548148034080218e-07,7.432399210245778e-07,6.39949040281481e-07,5.445737826778591e-07,4.271324635609941e-07,3.073088557045177e-07,2.0647686088838996e-07,1.229864087365297e-07
1.2820004363921599e-15,9.290441332108085e-07,9.761165622144882e-07,8.563517504257843e-07,7.446714521907927e-07,6.412782832249011e-07,5.458036898100711e-07,4.2820362300372975e-07,3.081897500962909e-07,2.0718112143828396e-07,1.2352809398640675e-07
1.2857422036093901e-15,9.305962010432756e-07,9.77762270730991e-07,8.578900172107025e-07,7.461042753429573e-07,6.426087890829344e-07,5.470348290918246e-07,4.2927598952510865e-07,3.0907181712575446e-07,2.0788650166318239e-07,1.2407082482880628e-07
1.2894921663787517e-15,9.32149644793998e-07,9.79409324584398e-07,8.594296039374172e-07,7.475383906799869e-07,6.43940558080703e-07,5.482672007762474e-07,4.3034956338697234e-07,3.099550570914757e-07,2.085930019455384e-07,1.2461460175372387e-07
1.2932503373684225e-15,9.337044645592825e-07,9.810577239264682e-07,8.609705107801746e-07,7.489737984003617e-07,6.452735904428527e-07,5.495008051159508e-07,4.314243448506922e-07,3.1083947029147953e-07,2.093006226670667e-07,1.2515942525024355e-07
1.2970167292588578e-15,9.352606604352052e-07,9.827074689086045e-07,8.625127379128251e-07,7.504104987021281e-07,6.466078863935547e-07,5.507356423630297e-07,4.325003341771696e-07,3.117250570232496e-07,2.1000936420874493e-07,1.25705295806538e-07
1.3007913547428106e-15,9.368182325176122e-07,9.843585596818522e-07,8.640562855088252e-07,7.518484917828984e-07,6.479434461565052e-07,5.519717127690637e-07,4.3357753162683666e-07,3.12611817583729e-07,2.1071922695081454e-07,1.2625221390986978e-07
1.3045742265253267e-15,9.383771809021182e-07,9.860109963968991e-07,8.656011537412371e-07,7.532877778398524e-07,6.492802699549262e-07,5.532090165851178e-07,4.346559374596564e-07,3.1349975226932206e-07,2.1143021127278202e-07,1.2680018004659178e-07
1.3083653573237573e-15,9.399375056841092e-07,9.876647792040773e-07,8.67147342782731e-07,7.547283570697374e-07,6.506183580115675e-07,5.544475540617432e-07,4.3573555193512354e-07,3.143888613758933e-07,2.1214231755342018e-07,1.27349194702148e-07
1.3121647598677088e-15,9.414992069587425e-07,9.893199082533634e-07,8.686948528055842e-07,7.561702296688692e-07,6.519577105487062e-07,5.556873254489779e-07,4.368163753122648e-07,3.152791451987699e-07,2.1285554617076926e-07,1.2789925836107448e-07
1.3159724468991928e-15,9.430622848209452e-07,9.909763836943789e-07,8.702436839816827e-07,7.576133958331333e-07,6.532983277881485e-07,5.569283309963482e-07,4.378984078496399e-07,3.1617060403274155e-07,2.1356989750213802e-07,1.2845037150699997e-07
1.3197884311725123e-15,9.446267393654173e-07,9.926342056763913e-07,8.717938364825215e-07,7.590578557579855e-07,6.546402099512297e-07,5.581705709528688e-07,4.389816498053412e-07,3.1706323817206167e-07,2.142853719241051e-07,1.2900253462264686e-07
1.323612725454281e-15,9.461925706866289e-07,9.942933743483144e-07,8.73345310479205e-07,7.605036096384517e-07,6.559833572588154e-07,5.594140455670445e-07,4.4006610143699503e-07,3.1795704791044803e-07,2.150019698125197e-07,1.2955574818983148e-07
1.327445342523446e-15,9.47759778878824e-07,9.959538898587093e-07,8.748981061424488e-07,7.61950657669131e-07,6.57327769931302e-07,5.606587550868693e-07,4.4115176300176177e-07,3.1885203354108337e-07,2.1571969154250353e-07,1.3011001268946556e-07
1.3312862951712827e-15,9.493283640360179e-07,9.976157523557847e-07,8.764522236425793e-07,7.633990000441929e-07,6.586734481886182e-07,5.619046997598295e-07,4.4223863475633646e-07,3.197481953566169e-07,2.1643853748845143e-07,1.3066532860155672e-07
1.3351355962014145e-15,9.50898326252e-07,9.992789619873972e-07,8.780076631495348e-07,7.648486369573812e-07,6.600203922502251e-07,5.631518798329021e-07,4.4332671695694943e-07,3.2064553364916446e-07,2.1715850802403242e-07,1.312216964052092e-07
1.338993258429809e-15,9.524696656203317e-07,1.0009435189010524e-06,8.795644248328667e-07,7.662995686020133e-07,6.613686023351165e-07,5.644002955525578e-07,4.444160098593664e-07,3.215440487103091e-07,2.1787960352219113e-07,1.3177911657862462e-07
1.342859294684779e-15,9.540423822343493e-07,1.0026094232439058e-06,8.811225088617389e-07,7.67751795170981e-07,6.627180786618213e-07,5.656499471647607e-07,4.4550651371888975e-07,3.2244374083110257e-07,2.1860182435514917e-07,1.3233758959910325e-07
1.3467337178069925e-15,9.55616476187162e-07,1.0042766751627625e-06,8.826819154049297e-07,7.692053168567519e-07,6.64068821448403e-07,5.669008349149688e-07,4.4659822879035794e-07,3.233446103020657e-07,2.1932517089440622e-07,1.3289711594304429e-07
1.3506165406494925e-15,9.57191947571654e-07,1.0059452748040785e-06,8.84242644630831e-07,7.706601338513692e-07,6.654208309124605e-07,5.681529590481352e-07,4.476911553281473e-07,3.2424665741318935e-07,2.200496435107405e-07,1.3345769608594696e-07
1.354507776077676e-15,9.587687964804842e-07,1.0076152223139613e-06,8.858046967074516e-07,7.721162463464531e-07,6.667741072711293e-07,5.694063198087096e-07,4.4878529358617127e-07,3.2514988245393503e-07,2.2077524257421093e-07,1.3401933050241128e-07
1.3584074369693224e-15,9.60347023006086e-07,1.00928651783817e-06,8.87368071802415e-07,7.735736545332012e-07,6.681286507410829e-07,5.706609174406382e-07,4.498806438178824e-07,3.2605428571323575e-07,2.215019684541578e-07,1.345820196661391e-07
1.362315536214579e-15,9.619266272406687e-07,1.0109591615221161e-06,8.889327700829624e-07,7.7503235860239e-07,6.694844615385315e-07,5.719167521873641e-07,4.50977206276271e-07,3.2695986747949673e-07,2.2222982151920379e-07,1.3514576404993474e-07
1.3662320867159878e-15,9.635076092762176e-07,1.0126331535108652e-06,8.904987917159507e-07,7.764923587443736e-07,6.708415398792257e-07,5.731738242918302e-07,4.5207498121386726e-07,3.278666280405965e-07,2.2295880213725563e-07,1.3571056412570564e-07
1.3701571013884704e-15,9.650899692044932e-07,1.0143084939491355e-06,8.920661368678563e-07,7.779536551490876e-07,6.721998859784546e-07,5.744321339964771e-07,4.531739688827409e-07,3.287745676838875e-07,2.2368891067550476e-07,1.3627642036446378e-07
1.3740905931593442e-15,9.666737071170329e-07,1.015985182981301e-06,8.936348057047736e-07,7.794162480060468e-07,6.73559500051048e-07,5.75691681543246e-07,4.542741695345023e-07,3.296836866961967e-07,2.2442014750042884e-07,1.3684333323632608e-07
1.3780325749683355e-15,9.68258823105151e-07,1.017663220751389e-06,8.952047983924168e-07,7.808801375043476e-07,6.749203823113768e-07,5.769524671735789e-07,4.553755834203023e-07,3.3059398536382664e-07,2.2515251297779285e-07,1.3741130321051535e-07
1.3819830597675665e-15,9.69845317259939e-07,1.0193426074030833e-06,8.967761150961188e-07,7.823453238326687e-07,6.762825329733542e-07,5.782144911284192e-07,4.5647821079083346e-07,3.3150546397255597e-07,2.2588600747265027e-07,1.3798033075536146e-07
1.3859420605215639e-15,9.714331896722656e-07,1.021023343079724e-06,8.983487559808355e-07,7.83811807179271e-07,6.776459522504354e-07,5.794777536482131e-07,4.575820518963298e-07,3.324181228076404e-07,2.2662063134934422e-07,1.385504163383017e-07
1.3899095902074876e-15,9.730224404328503e-07,1.0227054279243891e-06,8.999227212112166e-07,7.852795877320154e-07,6.7901064035575e-07,5.807422549730987e-07,4.586871069866696e-07,3.3333196215386407e-07,2.2735638497146135e-07,1.3912156042581536e-07
1.3938856618146276e-15,9.746130696321295e-07,1.0243888620797451e-06,9.014980109514706e-07,7.867486656783312e-07,6.803765975018567e-07,5.820079953425519e-07,4.5979337631118485e-07,3.3424698229544374e-07,2.2809326870192262e-07,1.3969376348355096e-07
1.3978702883447524e-15,9.76205077360304e-07,1.0260736456881004e-06,9.030746253654146e-07,7.88219041205229e-07,6.81743823900837e-07,5.832749749955212e-07,4.60900860118726e-07,3.3516318351606853e-07,2.2883128290294925e-07,1.402670259762772e-07
1.4018634828120813e-15,9.777984637073534e-07,1.0277597788914223e-06,9.046525646164899e-07,7.896907144993045e-07,6.831123197643187e-07,5.845431941704621e-07,4.620095586576605e-07,3.360805660989077e-07,2.2957042793605637e-07,1.4084134836787374e-07
1.405865258243276e-15,9.793932287630355e-07,1.029447261831337e-06,9.06231828867761e-07,7.911636857467407e-07,6.844820853034758e-07,5.858126531053367e-07,4.631194721759316e-07,3.369991303266117e-07,2.3031070416205465e-07,1.4141673112133234e-07
1.4098756276774694e-15,9.809893726168886e-07,1.0311360946491313e-06,9.078124182819177e-07,7.92637955133308e-07,6.858531207290315e-07,5.870833520376149e-07,4.642306009210337e-07,3.3791887648131313e-07,2.3105211194105114e-07,1.4199317469875773e-07
1.4138946041661773e-15,9.825868953582296e-07,1.0328262774857529e-06,9.093943330212754e-07,7.941135228443638e-07,6.872254262512561e-07,5.883552912042748e-07,4.653429451400064e-07,3.388398048446266e-07,2.3179465163245086e-07,1.4257067956136848e-07
1.4179222007734448e-15,9.841857970761579e-07,1.0345178104818095e-06,9.109775732477761e-07,7.955903890648549e-07,6.885990020799699e-07,5.896284708418042e-07,4.6645650507943653e-07,3.397619156976511e-07,2.3253832359495755e-07,1.4314924616949788e-07
1.4219584305757233e-15,9.857860778595514e-07,1.0362106937775717e-06,9.125621391229871e-07,7.970685539793172e-07,6.899738484245434e-07,5.90902891186201e-07,4.675712809854566e-07,3.4068520932096874e-07,2.332831281865751e-07,1.4372887498259503e-07
1.4260033066619316e-15,9.873877377970698e-07,1.0379049275129714e-06,9.141480308081052e-07,7.985480177718762e-07,6.913499654938975e-07,5.92178552472973e-07,4.6868727310374677e-07,3.4160968599464725e-07,2.3402906576460866e-07,1.4430956645922552e-07
1.430056842133488e-15,9.88990776977155e-07,1.039600511827605e-06,9.157352484639537e-07,8.000287806262489e-07,6.927273534965043e-07,5.934554549371405e-07,4.6980448167953487e-07,3.4253534599823976e-07,2.3477613668566563e-07,1.4489132105707273e-07
1.434119050104272e-15,9.905951954880288e-07,1.04129744686073e-06,9.173237922509851e-07,8.015108427257432e-07,6.941060126403886e-07,5.947335988132353e-07,4.7092290695759715e-07,3.4346218961078596e-07,2.3552434130565732e-07,1.454741392329385e-07
1.4381899437006445e-15,9.922009934176956e-07,1.0429957327512697e-06,9.189136623292815e-07,8.029942042532596e-07,6.954859431331276e-07,5.960129843353026e-07,4.720425491822584e-07,3.443902171108125e-07,2.3627367997979984e-07,1.4605802144274433e-07
1.4422695360614736e-15,9.938081708539423e-07,1.044695369637812e-06,9.205048588585545e-07,8.044788653912907e-07,6.968671451818529e-07,5.97293611736901e-07,4.731634085973925e-07,3.453194287763343e-07,2.3702415306261505e-07,1.4664296814153205e-07
1.446357840338091e-15,9.954167278843378e-07,1.0463963576586088e-06,9.22097381998147e-07,8.059648263219236e-07,6.982496189932499e-07,5.985754812511044e-07,4.742854854464233e-07,3.4624982488485505e-07,2.377757609079324e-07,1.472289797834649e-07
1.4504548696943147e-15,9.970266645962338e-07,1.0480986969515794e-06,9.236912319070335e-07,8.074520872268386e-07,6.996333647735595e-07,5.998585931105014e-07,4.754087799723249e-07,3.471814057133676e-07,2.385285038688891e-07,1.4781605682182876e-07
1.4545606373064788e-15,9.986379810767654e-07,1.049802387654307e-06,9.252864087438186e-07,8.089406482873117e-07,7.010183827285775e-07,6.011429475471963e-07,4.7653329241762247e-07,3.4811417153835535e-07,2.392823822979324e-07,1.4840419970903256e-07
1.4586751563634247e-15,1.000250677412851e-06,1.0515074299040446e-06,9.268829126667417e-07,8.104305096842141e-07,7.024046730636581e-07,6.024285447928114e-07,4.776590230243923e-07,3.4904812263579265e-07,2.400373965468199e-07,1.4899340889660975e-07
1.46279844006651e-15,1.0018647536911927e-06,1.0532138238377113e-06,9.284807438336741e-07,8.119216715980142e-07,7.037922359837117e-07,6.03715385078486e-07,4.787859720342624e-07,3.4998325928114535e-07,2.407935469666213e-07,1.4958368483521918e-07
1.466930501629608e-15,1.0034802099982765e-06,1.0549215695918931e-06,9.300799024021206e-07,8.13414134208776e-07,7.051810716932069e-07,6.050034686348775e-07,4.799141396884135e-07,3.509195817493726e-07,2.4155083390771915e-07,1.5017502797464587e-07
1.4710713542791149e-15,1.0050970464203725e-06,1.0566306673028468e-06,9.316803885292222e-07,8.14907897696163e-07,7.065711803961716e-07,6.062927956921632e-07,4.810435262275793e-07,3.518570903149259e-07,2.423092577198103e-07,1.5076743876380232e-07
1.4752210112539602e-15,1.0067152630435362e-06,1.0583411171064973e-06,9.332822023717536e-07,8.164029622394356e-07,7.079625622961931e-07,6.075833664800395e-07,4.821741318920466e-07,3.5279578525175184e-07,2.4306881875190704e-07,1.51360917650729e-07
1.4793794858056057e-15,1.0083348599536078e-06,1.0600529191384384e-06,9.348853440861254e-07,8.178993280174543e-07,7.093552175964188e-07,6.088751812277244e-07,4.833059569216565e-07,3.5373566683329094e-07,2.438295173523382e-07,1.5195546508259594e-07
1.4835467911980517e-15,1.0099558372362121e-06,1.0617660735339365e-06,9.364898138283856e-07,8.193969952086787e-07,7.107491464995577e-07,6.101682401639567e-07,4.844390015558044e-07,3.5467673533247977e-07,2.4459135386875027e-07,1.525510815057034e-07
1.487722940707816e-15,1.01157819497676e-06,1.0634805804279263e-06,9.380956117542176e-07,8.208959639911698e-07,7.121443492078805e-07,6.114625435169978e-07,4.855732660334407e-07,3.556189910217513e-07,2.453543286481088e-07,1.5314776736548282e-07
1.491907947624011e-15,1.0132019332604478e-06,1.0651964399550162e-06,9.397027380189437e-07,8.223962345425892e-07,7.135408259232204e-07,6.127580915146323e-07,4.867087505930717e-07,3.565624341730354e-07,2.461184420366993e-07,1.5374552310649806e-07
1.4961018252482966e-15,1.0148270521722586e-06,1.0669136522494854e-06,9.413111927775247e-07,8.23897807040201e-07,7.149385768469738e-07,6.140548843841683e-07,4.878454554727594e-07,3.5750706505775994e-07,2.4688369438012864e-07,1.543443491724462e-07
1.5003045868948896e-15,1.0164535517969624e-06,1.0686322174452858e-06,9.429209761845588e-07,8.254006816608709e-07,7.163376021801014e-07,6.153529223524387e-07,4.889833809101224e-07,3.584528839468513e-07,2.476500860233258e-07,1.5494424600615876e-07
1.5045162458905263e-15,1.018081432219114e-06,1.070352135676043e-06,9.445320883942854e-07,8.269048585810691e-07,7.177379021231288e-07,6.166522056458015e-07,4.90122527142337e-07,3.5939989111073556e-07,2.4841761731054375e-07,1.5554521404960234e-07
1.5087368155746027e-15,1.0197106935230573e-06,1.0720734070750559e-06,9.461445295605838e-07,8.284103379768691e-07,7.191394768761468e-07,6.17952734490141e-07,4.912628944061366e-07,3.6034808681933837e-07,2.4918628858535996e-07,1.561472537438801e-07
1.5129663092990437e-15,1.0213413357929221e-06,1.0737960317752978e-06,9.477582998369731e-07,8.299171200239493e-07,7.205423266388128e-07,6.19254509110869e-07,4.924044829378132e-07,3.612974713420868e-07,2.49956100190678e-07,1.5675036552923254e-07
1.5172047404283647e-15,1.0229733591126268e-06,1.0755200099094165e-06,9.493733993766149e-07,8.314252048975934e-07,7.219464516103513e-07,6.20557529732924e-07,4.935472929732175e-07,3.6224804494790923e-07,2.5072705246872836e-07,1.5735454984503856e-07
1.5214521223396624e-15,1.0246067635658777e-06,1.0772453416097367e-06,9.509898283323123e-07,8.329345927726913e-07,7.233518519895541e-07,6.218617965807739e-07,4.94691324747759e-07,3.631998079052367e-07,2.514991457610701e-07,1.579598071298166e-07
1.5257084684226298e-15,1.026241549236168e-06,1.0789720270082571e-06,9.526075868565114e-07,8.344452838237399e-07,7.247585279747822e-07,6.231673098784147e-07,4.958365784964078e-07,3.641527604820034e-07,2.522723804085911e-07,1.585661378212255e-07
1.529973792079557e-15,1.0278777162067813e-06,1.0807000662366546e-06,9.54226675101302e-07,8.359572782248427e-07,7.261664797639654e-07,6.244740698493734e-07,4.969830544536935e-07,3.651069029456472e-07,2.5304675675151044e-07,1.591735423560656e-07
1.5342481067253401e-15,1.0295152645607891e-06,1.0824294594262819e-06,9.558470932184166e-07,8.37470576149712e-07,7.275757075546032e-07,6.257820767167072e-07,4.981307528537073e-07,3.660622355631108e-07,2.538222751293788e-07,1.597820211702799e-07
1.5385314257874856e-15,1.0311541943810514e-06,1.0841602067081697e-06,9.574688413592338e-07,8.389851777716691e-07,7.289862115437663e-07,6.270913307030055e-07,4.992796739301017e-07,3.670187586008421e-07,2.5459893588107967e-07,1.6039157469895493e-07
1.5428237627061128e-15,1.0327945057502187e-06,1.0858923082130278e-06,9.590919196747764e-07,8.405010832636442e-07,7.30397991928097e-07,6.284018320303891e-07,5.004298179160908e-07,3.679764723247951e-07,2.553767393448304e-07,1.6100220337632204e-07
1.5471251309338932e-15,1.0344361987507306e-06,1.0876257640712436e-06,9.607163283157132e-07,8.420182927981781e-07,7.318110489038094e-07,6.297135809205127e-07,5.015811850444515e-07,3.689353770004314e-07,2.5615568585818403e-07,1.616139076357582e-07
1.551435543936249e-15,1.0360792734648174e-06,1.0893605744128843e-06,9.623420674323594e-07,8.435368065474221e-07,7.332253826666906e-07,6.310265775945643e-07,5.027337755475232e-07,3.6989547289271935e-07,2.5693577575802995e-07,1.622266879097872e-07
1.5557550151911926e-15,1.0377237299744979e-06,1.0910967393676978e-06,9.639691371746776e-07,8.450566246831396e-07,7.346409934121016e-07,6.323408222732668e-07,5.0388758965721e-07,3.7085676026613645e-07,2.57717009380595e-07,1.6284054463008071e-07
1.5600835581893448e-15,1.039369568361583e-06,1.092834259065111e-06,9.65597537692278e-07,8.465777473767055e-07,7.360578813349772e-07,6.336563151768784e-07,5.050426276049788e-07,3.718192393846687e-07,2.584993870614447e-07,1.6345547822745936e-07
1.5644211864339835e-15,1.0410167887076744e-06,1.0945731336342328e-06,9.67227269134419e-07,8.481001747991083e-07,7.374760466298279e-07,6.349730565251932e-07,5.061988896218621e-07,3.727829105118124e-07,2.5928290913548455e-07,1.6407148913189363e-07
1.5687679134410346e-15,1.0426653910941646e-06,1.096313363203853e-06,9.688583316500075e-07,8.496239071209493e-07,7.388954894907396e-07,6.362910465375427e-07,5.073563759384566e-07,3.737477739105742e-07,2.600675759369611e-07,1.6468857777250525e-07
1.573123752739071e-15,1.044315375602237e-06,1.0980549479024438e-06,9.704907253875997e-07,8.51148944512445e-07,7.40316210111375e-07,6.37610285432796e-07,5.085150867849258e-07,3.747138298434723e-07,2.608533877994631e-07,1.653067445775682e-07
1.5774887178693216e-15,1.0459667423128674e-06,1.0997978878581605e-06,9.72124450495404e-07,8.526752871434262e-07,7.417382086849739e-07,6.389307734293602e-07,5.096750223909988e-07,3.756810785725372e-07,2.6164034505592274e-07,1.6592598997450927e-07
1.5818628223856764e-15,1.0476194913068227e-06,1.1015421831988405e-06,9.737595071212774e-07,8.542029351833391e-07,7.431614854043549e-07,6.402525107451819e-07,5.108361829859716e-07,3.7664952035931215e-07,2.6242844803861664e-07,1.6654631438991014e-07
1.5862460798547033e-15,1.0492736226646626e-06,1.103287834052006e-06,9.753958954127277e-07,8.557318888012469e-07,7.445860404619139e-07,6.415754975977482e-07,5.119985687987073e-07,3.7761915546485345e-07,2.632176970791673e-07,1.6716771824950744e-07
1.59063850385563e-15,1.05092913646674e-06,1.105034840544863e-06,9.770336155169169e-07,8.572621481658292e-07,7.46011874049627e-07,6.428997342040855e-07,5.131621800576376e-07,3.785899841497324e-07,2.640080925085436e-07,1.6779020197819442e-07
1.595040107980378e-15,1.0525860327931994e-06,1.1067832028043018e-06,9.786726675806586e-07,8.587937134453826e-07,7.474389863590511e-07,6.442252207807632e-07,5.143270169907612e-07,3.7956200667403517e-07,2.647996346570629e-07,1.6841376600002212e-07
1.5994509058335456e-15,1.054244311723979e-06,1.108532920956899e-06,9.803130517504184e-07,8.603265848078235e-07,7.48867377581323e-07,6.455519575438917e-07,5.15493079825647e-07,3.8053522329736375e-07,2.6559232385439175e-07,1.6903841073820003e-07
1.6038709110324221e-15,1.05590397333881e-06,1.1102839951289168e-06,9.81954768172318e-07,8.618607624206858e-07,7.502970479071619e-07,6.468799447091171e-07,5.166603687894333e-07,3.815096342788367e-07,2.6638616042954665e-07,1.6966413661509756e-07
1.6083001372069923e-15,1.0575650177172176e-06,1.1120364254463036e-06,9.835978169921315e-07,8.633962464511239e-07,7.517279975268684e-07,6.482091824916358e-07,5.178288841088279e-07,3.8248523987708977e-07,2.671811447108957e-07,1.7029094405224513e-07
1.6127385979999419e-15,1.059227444938521e-06,1.1137902120346946e-06,9.852421983552885e-07,8.649330370659119e-07,7.531602266303273e-07,6.495396711061901e-07,5.189986260101091e-07,3.834620403502767e-07,2.679772770261596e-07,1.709188334703349e-07
1.6171863070666578e-15,1.0608912550818325e-06,1.1155453550194134e-06,9.868879124068742e-07,8.664711344314455e-07,7.545937354070061e-07,6.508714107670676e-07,5.201695947191268e-07,3.8444003595607016e-07,2.68774557702413e-07,1.7154780528922237e-07
1.6216432780751828e-15,1.0625564482260606e-06,1.1173018545254703e-06,9.885349592916305e-07,8.680105387137413e-07,7.560285240459574e-07,6.522044016881021e-07,5.213417904613019e-07,3.85419226951662e-07,2.6957298706608517e-07,1.7217785992792725e-07
1.6261095247063948e-15,1.0642230244499062e-06,1.119059710677566e-06,9.901833391539555e-07,8.695512500784386e-07,7.574645927358192e-07,6.535386440826743e-07,5.225152134616282e-07,3.863996135937649e-07,2.7037256544296164e-07,1.7280899780463457e-07
1.6305850606538326e-15,1.0658909838318681e-06,1.120818923600089e-06,9.918330521379052e-07,8.710932686907987e-07,7.589019416648152e-07,6.548741381637122e-07,5.23689863944672e-07,3.8738119613861193e-07,2.7117329315818514e-07,1.7344121933669578e-07
1.6350698996237713e-15,1.0675603264502372e-06,1.1225794934171177e-06,9.93484098387193e-07,8.726365947157081e-07,7.60340571020755e-07,6.562108841436918e-07,5.248657421345721e-07,3.8836397484195767e-07,2.719751705362568e-07,1.7407452494063003e-07
1.6395640553352107e-15,1.069231052383102e-06,1.1243414202524206e-06,9.95136478045191e-07,8.741812283176763e-07,7.617804809910367e-07,6.575488822346391e-07,5.260428482550419e-07,3.8934794995908e-07,2.727781979010371e-07,1.7470891503212506e-07
1.644067541519883e-15,1.0709031617083463e-06,1.1261047042294574e-06,9.967901912549311e-07,8.757271696608378e-07,7.632216717626457e-07,6.588881326481287e-07,5.272211825293689e-07,3.9033312174477926e-07,2.7358237557574696e-07,1.7534439002603872e-07
1.6485803719222771e-15,1.0725766545036504e-06,1.1278693454713784e-06,9.984452381591044e-07,8.77274418908953e-07,7.646641435221565e-07,6.60228635595287e-07,5.284007451804157e-07,3.9131949045337967e-07,2.743877038829698e-07,1.7598095033639966e-07
1.6531025602996217e-15,1.07425153084649e-06,1.129635344101026e-06,1.0001016189000618e-06,8.788229762254081e-07,7.661078964557325e-07,6.615703912867904e-07,5.295815364306199e-07,3.9230705633873013e-07,2.751941831446513e-07,1.7661859637640857e-07
1.657634120421899e-15,1.0759277908141373e-06,1.1314027002409361e-06,1.001759333619816e-06,8.803728417732171e-07,7.675529307491284e-07,6.629133999328686e-07,5.307635565019952e-07,3.9329581965420524e-07,2.760018136821016e-07,1.7725732855843957e-07
1.6621750660717987e-15,1.0776054344836625e-06,1.1331714140133351e-06,1.0034183824600411e-06,8.819240157150197e-07,7.689992465876886e-07,6.642576617433029e-07,5.319468056161321e-07,3.9428578065270507e-07,2.768105958159959e-07,1.7789714729404108e-07
1.666725411044882e-15,1.0792844619319311e-06,1.1349414855401446e-06,1.0050787655620731e-06,8.834764982130856e-07,7.704468441563498e-07,6.656031769274288e-07,5.331312839941978e-07,3.9527693958665654e-07,2.776205298663758e-07,1.7853805299393722e-07
1.6712851691494236e-15,1.0809648732356082e-06,1.1367129149429799e-06,1.0067404830669108e-06,8.85030289429312e-07,7.718957236396409e-07,6.669499456941358e-07,5.343169918569369e-07,3.9626929670801443e-07,2.784316161526504e-07,1.7918004606802853e-07
1.6758543542064848e-15,1.0826466684711548e-06,1.1384857023431496e-06,1.0084035351152166e-06,8.865853895252263e-07,7.73345885221683e-07,6.682979682518691e-07,5.355039294246726e-07,3.972628522682617e-07,2.792438549935973e-07,1.798231269253937e-07
1.6804329800498967e-15,1.0843298477148305e-06,1.1402598478616579e-06,1.0100679218473164e-06,8.881417986619856e-07,7.747973290861923e-07,6.696472448086289e-07,5.366920969173065e-07,3.9825760651840965e-07,2.8005724670736425e-07,1.8046729597429015e-07
1.6850210605262725e-15,1.0860144110426931e-06,1.1420353516192055e-06,1.0117336434032003e-06,8.896995170003779e-07,7.762500554164785e-07,6.709977755719723e-07,5.378814945543193e-07,3.992535597089998e-07,2.808717916114695e-07,1.8111255362215555e-07
1.6896186094950315e-15,1.087700358530598e-06,1.1438122137361871e-06,1.013400699922524e-06,8.91258544700822e-07,7.777040643954463e-07,6.723495607490134e-07,5.39072122554772e-07,4.0025071209010407e-07,2.8168749002280364e-07,1.817589002756089e-07
